! FILETYPE CSV
! VERSION 1.0,1
! TIMESTAMP Wednesday, 09 March 2022 16:13:37
! TIMEZONE (GMT+01:00) Amsterdam, Berlin, Bern, Rome, Stockholm, Vienna
! NAME Keysight Technologies
! MODEL N9916A
! SERIAL MY53104702
! FIRMWARE_VERSION A.08.01
! GPS_LATITUDE 
! GPS_LONGITUDE 
! GPS_TIMESTAMP 0001-01-01 00:00:00Z
! GPS_SECS_SINCE_LAST_READ 0
! CHECKSUM 0538547047
! CORRECTION1 Rdy
! DATA Freq,S21
! FREQ UNIT Hz
! DATA UNIT dB
BEGIN
10000000000,-11.1281416883158
10000100000,-11.480552472015
10000200000,-11.7817321370535
10000300000,-11.7577360836004
10000400000,-11.7102278020244
10000500000,-11.3183705413763
10000600000,-11.4399039743489
10000700000,-11.0243443597175
10000800000,-11.5351597478717
10000900000,-11.3988954951505
10001000000,-11.1849611340487
10001100000,-11.0565415245201
10001200000,-11.5609706956302
10001300000,-11.8513331197908
10001400000,-11.7448791804844
10001500000,-11.1073134179725
10001600000,-11.2643167279254
10001700000,-11.2161841681949
10001800000,-11.511480052525
10001900000,-11.3253842011927
10002000000,-11.4819012706653
10002100000,-10.9755469369847
10002200000,-11.5276505063379
10002300000,-11.5709588903097
10002400000,-11.2312923437215
10002500000,-11.596831749247
10002600000,-11.0966064049035
10002700000,-11.0460267496971
10002800000,-11.6257412182797
10002900000,-11.8548690092539
10003000000,-11.5107183818362
10003100000,-11.021375230855
10003200000,-11.2505013128959
10003300000,-11.4203261823611
10003400000,-11.351829424423
10003500000,-11.2521322724145
10003600000,-11.098234227964
10003700000,-11.2465142354303
10003800000,-11.7856520914467
10003900000,-10.9707757967084
10004000000,-11.5028521864908
10004100000,-11.5477723121098
10004200000,-11.3578710098504
10004300000,-11.0404689110151
10004400000,-11.2223300690739
10004500000,-11.0530996979771
10004600000,-11.6910230928423
10004700000,-11.3742680432211
10004800000,-11.169432239189
10004900000,-11.0274071818559
10005000000,-11.1634202784817
10005100000,-11.3502126306562
10005200000,-11.2882520701632
10005300000,-11.2717775895538
10005400000,-11.3996521012328
10005500000,-10.9723939129031
10005600000,-11.7056268764217
10005700000,-11.0070584810162
10005800000,-11.0735799135958
10005900000,-11.1610177767112
10006000000,-10.9602242539916
10006100000,-11.8571230506506
10006200000,-11.3171953979547
10006300000,-11.7162054165062
10006400000,-11.2234788751705
10006500000,-11.5480020246984
10006600000,-11.2384476581549
10006700000,-10.9692212172319
10006800000,-11.0890775427896
10006900000,-11.1002918615195
10007000000,-11.5016504765501
10007100000,-11.2908272969538
10007200000,-11.6582356076798
10007300000,-11.0351490905038
10007400000,-10.8457964271647
10007500000,-11.6507986237148
10007600000,-11.3325549584778
10007700000,-11.5865741843896
10007800000,-11.4112706329148
10007900000,-11.3596832730573
10008000000,-11.2737504638338
10008100000,-11.4033176912313
10008200000,-11.422481616428
10008300000,-11.6833929272092
10008400000,-11.031228946427
10008500000,-11.4443949637771
10008600000,-11.3382628658565
10008700000,-11.7518798824572
10008800000,-11.2551555500199
10008900000,-11.5720593588059
10009000000,-11.3733849808733
10009100000,-10.9915328712425
10009200000,-11.3347615340407
10009300000,-11.0157907135162
10009400000,-11.5467539662842
10009500000,-11.0249812549889
10009600000,-11.1836294276011
10009700000,-11.0878574023762
10009800000,-11.4292504766213
10009900000,-11.5104034949733
10010000000,-10.8867294962989
10010100000,-11.3025645118074
10010200000,-11.3846614381014
10010300000,-11.2582885551808
10010400000,-10.706707017018
10010500000,-11.8497127251663
10010600000,-11.8219419503677
10010700000,-11.2120263549442
10010800000,-11.2759745724481
10010900000,-11.6082458727281
10011000000,-11.7741811334482
10011100000,-11.2889753581852
10011200000,-11.3546990752008
10011300000,-11.3358115366491
10011400000,-11.4273248945442
10011500000,-11.4580485687434
10011600000,-11.1098451954665
10011700000,-11.2435320364886
10011800000,-11.2120483089506
10011900000,-11.4946991003226
10012000000,-11.2069649699558
10012100000,-11.0711203240345
10012200000,-11.4116401143777
10012300000,-11.1079300461189
10012400000,-11.2583640704651
10012500000,-11.4457488674965
10012600000,-11.521531610933
10012700000,-11.5938393029628
10012800000,-11.5100898122129
10012900000,-11.1524236462354
10013000000,-11.5974380087242
10013100000,-11.2134662725456
10013200000,-11.3034241958957
10013300000,-11.4207966614886
10013400000,-11.1398802609604
10013500000,-11.7379122098864
10013600000,-11.3101852495822
10013700000,-11.2714462430051
10013800000,-11.3735148430584
10013900000,-11.095111824755
10014000000,-11.4856019201397
10014100000,-11.4233091979353
10014200000,-11.2074702479624
10014300000,-11.257135189927
10014400000,-11.0985320203601
10014500000,-11.2124985847191
10014600000,-11.4866831608434
10014700000,-11.4904537309804
10014800000,-11.5060141895916
10014900000,-11.2148234469035
10015000000,-11.3763832218414
10015100000,-11.4184434242579
10015200000,-11.5991553421943
10015300000,-11.2195896406955
10015400000,-11.6337585683504
10015500000,-11.0808145017681
10015600000,-11.6228788906322
10015700000,-11.2198635339988
10015800000,-11.6505495813402
10015900000,-11.3651741932407
10016000000,-11.591977137868
10016100000,-11.0916957114658
10016200000,-11.6759212012058
10016300000,-11.1840732261388
10016400000,-11.6998792404992
10016500000,-11.3199384272143
10016600000,-11.4951331901845
10016700000,-11.3616756431135
10016800000,-12.060078567827
10016900000,-11.1428800563363
10017000000,-11.3808719058028
10017100000,-11.0980504213167
10017200000,-11.43273924548
10017300000,-11.4543282660784
10017400000,-11.1547087257309
10017500000,-11.2260457031405
10017600000,-10.9622513934281
10017700000,-11.1527136084034
10017800000,-11.2908641499192
10017900000,-11.6644411865475
10018000000,-11.4750685686514
10018100000,-11.1978450967161
10018200000,-11.582459840062
10018300000,-11.386954409153
10018400000,-11.5280559483344
10018500000,-11.2541931571465
10018600000,-11.3980143402498
10018700000,-11.0806878606081
10018800000,-10.9584228074206
10018900000,-10.8746954966189
10019000000,-11.4388456277663
10019100000,-11.3958498121634
10019200000,-11.3132653713393
10019300000,-11.1842611433076
10019400000,-11.8537530342246
10019500000,-11.253300628272
10019600000,-11.2375055355226
10019700000,-11.4503928140095
10019800000,-11.6855860901808
10019900000,-11.8210650285302
10020000000,-11.723487392293
10020100000,-11.5387517227526
10020200000,-11.4831299612993
10020300000,-11.6393879745639
10020400000,-11.2213359081746
10020500000,-11.1195944557175
10020600000,-11.3620298370858
10020700000,-11.4175158648334
10020800000,-11.6752339352613
10020900000,-11.0943884154591
10021000000,-11.2104613266671
10021100000,-12.0727461536802
10021200000,-11.2301224889337
10021300000,-11.2177860667082
10021400000,-11.8042973136936
10021500000,-11.346707729673
10021600000,-11.2929197714718
10021700000,-11.507197789225
10021800000,-11.226992637363
10021900000,-11.2423820294563
10022000000,-11.3107438793472
10022100000,-11.1708057721026
10022200000,-11.4408931203228
10022300000,-11.8765580146184
10022400000,-11.4268080309282
10022500000,-11.3337056290138
10022600000,-11.5434654513881
10022700000,-11.3447692197644
10022800000,-11.4567381662034
10022900000,-11.3401737194349
10023000000,-11.1795079948409
10023100000,-11.3660276827719
10023200000,-11.1592795718362
10023300000,-11.2727620013796
10023400000,-11.6759193528656
10023500000,-11.6744574058063
10023600000,-11.3767524217972
10023700000,-11.5698723496114
10023800000,-11.2320351367761
10023900000,-11.6964195199901
10024000000,-11.4214605826768
10024100000,-11.661730956083
10024200000,-11.4088401651928
10024300000,-10.8187002533701
10024400000,-11.7141279570425
10024500000,-11.5075953405797
10024600000,-11.2608156387195
10024700000,-11.5017685261413
10024800000,-11.0077090846899
10024900000,-11.9338100617513
10025000000,-11.3898608093496
10025100000,-11.3102373451701
10025200000,-11.3538902688343
10025300000,-11.3703377159089
10025400000,-11.468444170531
10025500000,-10.9988402703075
10025600000,-11.5591264328969
10025700000,-10.8607935459145
10025800000,-11.5191613043391
10025900000,-11.0363467611659
10026000000,-11.4009792247871
10026100000,-11.5238987312642
10026200000,-11.6425417300507
10026300000,-11.2228539018438
10026400000,-11.6078491617114
10026500000,-11.5163034734159
10026600000,-11.7492269965857
10026700000,-11.3536160847403
10026800000,-11.976313732894
10026900000,-11.4533859250605
10027000000,-11.2180631572787
10027100000,-11.4473207773607
10027200000,-11.539906650156
10027300000,-11.3064224732005
10027400000,-10.8289981956981
10027500000,-11.2860480722595
10027600000,-11.1704314948667
10027700000,-11.1967579043321
10027800000,-11.349944729765
10027900000,-11.3658735503785
10028000000,-11.7086439923045
10028100000,-11.3585450452957
10028200000,-11.5201377336492
10028300000,-11.4077587105006
10028400000,-11.2062210387512
10028500000,-11.4221172547058
10028600000,-11.1720398237951
10028700000,-11.4400863176964
10028800000,-11.4021015235062
10028900000,-11.5973250129988
10029000000,-11.3764007519107
10029100000,-11.6052864515999
10029200000,-11.1746193290144
10029300000,-10.9637217270486
10029400000,-11.6838111168506
10029500000,-11.4239263258205
10029600000,-11.0358086394261
10029700000,-10.9257491518153
10029800000,-11.5120391393884
10029900000,-11.9849674264926
10030000000,-11.3405976827551
10030100000,-11.2249955885725
10030200000,-11.1234412236194
10030300000,-11.3669790072169
10030400000,-11.5561037604671
10030500000,-11.2648541338016
10030600000,-11.9031196134072
10030700000,-11.1000002604016
10030800000,-11.1242498275416
10030900000,-11.5687799049148
10031000000,-11.6307420086814
10031100000,-11.4847464476718
10031200000,-11.6287917899258
10031300000,-11.2348128810347
10031400000,-11.6102478637045
10031500000,-11.1773240208323
10031600000,-11.5735131187597
10031700000,-11.1771956159942
10031800000,-11.6086899411947
10031900000,-11.4866871468177
10032000000,-11.3239119491896
10032100000,-11.0321002536389
10032200000,-11.579671188422
10032300000,-11.1717249746909
10032400000,-11.0043526464312
10032500000,-11.3415166986186
10032600000,-11.3904021416192
10032700000,-11.7042715437649
10032800000,-11.4370275419981
10032900000,-11.4916039559325
10033000000,-11.6027376454938
10033100000,-11.2861408250689
10033200000,-11.4344085024893
10033300000,-11.2746890771982
10033400000,-11.3583290100138
10033500000,-11.3828056497495
10033600000,-11.3225837771666
10033700000,-11.7269430652181
10033800000,-11.7450497503156
10033900000,-11.4601554970706
10034000000,-11.7065240934981
10034100000,-10.956829652552
10034200000,-11.1288906214911
10034300000,-11.7065300691735
10034400000,-11.839727602618
10034500000,-11.3618281768948
10034600000,-11.6313482820449
10034700000,-11.7001580894683
10034800000,-11.1929449374254
10034900000,-11.2260475438972
10035000000,-11.6285990575951
10035100000,-11.7772598434661
10035200000,-11.5207997229018
10035300000,-11.6323094354726
10035400000,-11.7130681960191
10035500000,-11.1139469716214
10035600000,-11.6032851544126
10035700000,-11.6796924176557
10035800000,-11.4283300202335
10035900000,-11.7053383754939
10036000000,-11.3845035724384
10036100000,-11.951069930963
10036200000,-11.583647708274
10036300000,-11.4132038555575
10036400000,-11.3246689415317
10036500000,-11.5269954162462
10036600000,-12.0519018342296
10036700000,-11.631556562349
10036800000,-11.1427562115044
10036900000,-11.6000945424608
10037000000,-11.9065695198599
10037100000,-11.6470197110145
10037200000,-11.4043720434099
10037300000,-11.219796096451
10037400000,-11.5355065066175
10037500000,-11.5728469228558
10037600000,-11.739647947654
10037700000,-11.5123204767323
10037800000,-11.7774095960751
10037900000,-11.4016106359328
10038000000,-11.0427619125342
10038100000,-11.3889427917545
10038200000,-11.6786844052835
10038300000,-11.7752097223478
10038400000,-11.7394895426809
10038500000,-11.472684013296
10038600000,-11.6797392080588
10038700000,-11.740891043754
10038800000,-11.5168217411906
10038900000,-11.503041434845
10039000000,-11.7650330091093
10039100000,-11.5676965038572
10039200000,-11.6147245568783
10039300000,-11.7007630836623
10039400000,-11.3207086457521
10039500000,-11.4996017861896
10039600000,-11.6524004003271
10039700000,-11.4242806740263
10039800000,-11.1270908585595
10039900000,-11.7305061611876
10040000000,-11.225020944111
10040100000,-11.4374170546518
10040200000,-11.7522872921224
10040300000,-11.4862420222566
10040400000,-11.1782454541124
10040500000,-11.9363777501738
10040600000,-11.8887205297143
10040700000,-11.598150205658
10040800000,-11.7953834493614
10040900000,-11.4497321554423
10041000000,-11.6101186704223
10041100000,-11.643296002861
10041200000,-11.6643677692963
10041300000,-11.9136540314208
10041400000,-11.7855379766097
10041500000,-11.5522715385941
10041600000,-11.8474564216171
10041700000,-11.850983925759
10041800000,-11.9660216916844
10041900000,-12.0590335634802
10042000000,-12.0113735313709
10042100000,-11.6708878973889
10042200000,-11.3901388849537
10042300000,-11.6023308113314
10042400000,-11.855701581967
10042500000,-11.7082549530879
10042600000,-11.8360056430433
10042700000,-11.7284024219419
10042800000,-11.7380683851915
10042900000,-11.5709557440649
10043000000,-11.710688500244
10043100000,-11.3965750242264
10043200000,-12.1128967730452
10043300000,-11.8603241637568
10043400000,-11.6006966597781
10043500000,-11.8769640798361
10043600000,-11.8151549743551
10043700000,-11.4478209864771
10043800000,-11.6887663697382
10043900000,-11.7844283267609
10044000000,-11.6223127328461
10044100000,-11.4812314180769
10044200000,-11.8976353864046
10044300000,-11.7947815671244
10044400000,-11.6816247182182
10044500000,-11.828389350431
10044600000,-11.273833588732
10044700000,-11.7749774015085
10044800000,-11.6068923334436
10044900000,-11.4303473836734
10045000000,-11.3587734958129
10045100000,-11.7438786546284
10045200000,-11.541116678741
10045300000,-11.1909840751485
10045400000,-11.7060369002751
10045500000,-11.6498224544819
10045600000,-11.6751086019289
10045700000,-11.6494321419891
10045800000,-12.0842350473745
10045900000,-11.2473512420439
10046000000,-11.79453357766
10046100000,-11.9272039412259
10046200000,-11.4284543083932
10046300000,-11.5350066327134
10046400000,-11.8568793286776
10046500000,-11.5602021138082
10046600000,-11.6630924942244
10046700000,-12.1515219068964
10046800000,-11.7345292545098
10046900000,-12.0200886900738
10047000000,-11.574221313271
10047100000,-11.7244177066287
10047200000,-11.7055149732025
10047300000,-11.8374574630069
10047400000,-11.5545719918695
10047500000,-11.3557419625005
10047600000,-12.093250124955
10047700000,-12.0143998132738
10047800000,-11.8179361840986
10047900000,-11.5058904378144
10048000000,-11.8894928859952
10048100000,-11.4179279324031
10048200000,-11.4322687958115
10048300000,-11.4103570815169
10048400000,-11.4014153287007
10048500000,-11.7068140434539
10048600000,-11.77010802378
10048700000,-12.0129139009724
10048800000,-11.8591996045436
10048900000,-11.4570374665271
10049000000,-11.9415753838906
10049100000,-11.4287275806213
10049200000,-11.6470630027311
10049300000,-11.9895456354672
10049400000,-11.8599525755763
10049500000,-11.5977335643814
10049600000,-12.088448062027
10049700000,-11.4707786759779
10049800000,-12.0947554184681
10049900000,-11.6924227364525
10050000000,-12.1323397461093
10050100000,-12.0156109645586
10050200000,-11.5609798504855
10050300000,-11.9631753014204
10050400000,-11.9104574311086
10050500000,-11.6766656620239
10050600000,-11.4755377371337
10050700000,-11.6177437449191
10050800000,-11.4051662870084
10050900000,-11.5779244765462
10051000000,-12.0959620747812
10051100000,-11.4600506521047
10051200000,-12.075188650663
10051300000,-11.7879874893775
10051400000,-12.4384965814089
10051500000,-11.9591422944468
10051600000,-11.8422841227162
10051700000,-11.5166000288883
10051800000,-11.6806989110557
10051900000,-11.8636511069624
10052000000,-11.9333220513469
10052100000,-11.934580738804
10052200000,-11.7064453887939
10052300000,-11.8166278077677
10052400000,-11.7855805164714
10052500000,-11.8938602256945
10052600000,-11.7531928651824
10052700000,-11.8083231411475
10052800000,-12.1911964622498
10052900000,-11.6299554782589
10053000000,-11.88170057894
10053100000,-11.8488242709234
10053200000,-11.470926463234
10053300000,-12.1423392074176
10053400000,-12.2569424434434
10053500000,-11.4285133834304
10053600000,-11.8569470746589
10053700000,-12.089542097356
10053800000,-11.7475397779064
10053900000,-12.4648475886488
10054000000,-12.0201969468451
10054100000,-11.9521995641506
10054200000,-12.2479002234854
10054300000,-12.1212853081672
10054400000,-12.271543832366
10054500000,-12.2551775432529
10054600000,-11.8091098575121
10054700000,-11.7987423429275
10054800000,-11.4862728862532
10054900000,-12.0640372526396
10055000000,-11.8323173250838
10055100000,-11.7892810487997
10055200000,-11.8629259386146
10055300000,-11.8473400426653
10055400000,-11.5835427830088
10055500000,-12.079718912647
10055600000,-12.3232343664799
10055700000,-11.9426762048705
10055800000,-11.9726046489002
10055900000,-12.1181057521672
10056000000,-11.8709991975787
10056100000,-12.1279686523382
10056200000,-11.8677560775241
10056300000,-11.5804991255392
10056400000,-11.9435326386711
10056500000,-12.3516387407843
10056600000,-11.8460396540909
10056700000,-12.1675670578008
10056800000,-11.7522776095618
10056900000,-12.1700946404358
10057000000,-11.3824705942878
10057100000,-12.1105533251895
10057200000,-12.160131887811
10057300000,-12.1034910270366
10057400000,-11.9122931443907
10057500000,-11.8537079042231
10057600000,-12.1651083682545
10057700000,-12.2604266512369
10057800000,-12.1282644670361
10057900000,-12.2254459179486
10058000000,-11.8963924333007
10058100000,-11.8088063381515
10058200000,-12.2459655137119
10058300000,-11.710277210891
10058400000,-11.7653006934766
10058500000,-12.126185523268
10058600000,-11.9963646445534
10058700000,-12.4079038884756
10058800000,-12.0354266333281
10058900000,-11.7036960739689
10059000000,-11.8595811934621
10059100000,-11.9611967083343
10059200000,-12.009986444081
10059300000,-12.0624425811133
10059400000,-12.1218207566783
10059500000,-12.1146507057027
10059600000,-11.9108983982389
10059700000,-12.1489051749329
10059800000,-11.6437601980218
10059900000,-12.187918339295
10060000000,-11.8652708318234
10060100000,-12.1753796478253
10060200000,-11.9525344742768
10060300000,-11.7563379671468
10060400000,-12.3119275721037
10060500000,-11.9826989506284
10060600000,-11.9205101692086
10060700000,-12.2025919664393
10060800000,-11.856932936585
10060900000,-11.9367679963677
10061000000,-11.9102992679731
10061100000,-12.145593217927
10061200000,-12.5535560715368
10061300000,-12.0437770757199
10061400000,-11.8799944417562
10061500000,-12.0135102963559
10061600000,-11.8656004523884
10061700000,-12.1067217160264
10061800000,-12.3227426047152
10061900000,-11.8757051997211
10062000000,-12.2316491106933
10062100000,-11.8342285019385
10062200000,-12.29189462334
10062300000,-12.2539627999052
10062400000,-12.0494366054931
10062500000,-12.3761067339786
10062600000,-12.0940305977945
10062700000,-12.092136062995
10062800000,-12.3637387897102
10062900000,-12.1313490849165
10063000000,-11.8591813971361
10063100000,-11.8296281549322
10063200000,-12.1356761591844
10063300000,-12.4420336302062
10063400000,-12.0900721983303
10063500000,-12.0621970972255
10063600000,-11.8759653444819
10063700000,-11.9910769288306
10063800000,-11.9404658262509
10063900000,-12.1187078371904
10064000000,-12.5522689339358
10064100000,-12.2014003614528
10064200000,-12.4282622431239
10064300000,-12.1554046759508
10064400000,-11.8409079912254
10064500000,-12.6119273682736
10064600000,-12.2413716741142
10064700000,-11.9573981267571
10064800000,-12.620777775766
10064900000,-12.7160799189661
10065000000,-12.2441100243488
10065100000,-12.3099235209287
10065200000,-12.0917445902574
10065300000,-12.6685775764143
10065400000,-12.3146266552667
10065500000,-12.1300869303695
10065600000,-12.5561561615257
10065700000,-12.038868645225
10065800000,-12.0253208204631
10065900000,-12.7625390051439
10066000000,-12.3106673697098
10066100000,-12.312358397014
10066200000,-12.2412164635616
10066300000,-12.2255391172937
10066400000,-12.0902943823294
10066500000,-12.8388367299217
10066600000,-12.1593961162692
10066700000,-12.5887900177005
10066800000,-12.1505363010402
10066900000,-12.4102218256608
10067000000,-12.2443765446094
10067100000,-12.2554166688407
10067200000,-12.5268454612574
10067300000,-12.3722420092449
10067400000,-12.6874710074955
10067500000,-12.7630885101472
10067600000,-12.2664639746506
10067700000,-12.3101198534666
10067800000,-12.3776971088837
10067900000,-12.5022350900288
10068000000,-12.6979460083446
10068100000,-12.4944802681431
10068200000,-12.4354226296888
10068300000,-12.458049129417
10068400000,-12.3690991496646
10068500000,-12.3187987955971
10068600000,-12.3559443651027
10068700000,-12.2954785805295
10068800000,-11.834877505842
10068900000,-12.1728827346138
10069000000,-12.215709768898
10069100000,-12.3715931339891
10069200000,-12.4973385066546
10069300000,-12.3204580323821
10069400000,-12.5851477883302
10069500000,-12.5049733802641
10069600000,-12.0689920698478
10069700000,-12.2154870143303
10069800000,-12.4253505545893
10069900000,-12.1975998920916
10070000000,-12.4892774639741
10070100000,-12.8161388135658
10070200000,-12.6805852008728
10070300000,-12.3737083056049
10070400000,-12.1122540064395
10070500000,-12.6884765479583
10070600000,-12.4837143473522
10070700000,-12.5049402873215
10070800000,-12.3252018156108
10070900000,-12.6186166822083
10071000000,-12.3678313977487
10071100000,-12.2172244471505
10071200000,-12.3960071283094
10071300000,-12.2018614617964
10071400000,-12.4471364088808
10071500000,-12.3949446219373
10071600000,-12.3611830095046
10071700000,-12.4139592147434
10071800000,-12.2969874960049
10071900000,-12.330941984596
10072000000,-12.0053389668175
10072100000,-11.9723337846833
10072200000,-12.2115418247276
10072300000,-12.2433047842163
10072400000,-11.9715336649586
10072500000,-12.6630837019889
10072600000,-12.2547861223188
10072700000,-12.3419801802102
10072800000,-12.0982646867993
10072900000,-12.7994678734683
10073000000,-12.6270440306582
10073100000,-12.3694945347051
10073200000,-12.6575256139853
10073300000,-12.0635177102713
10073400000,-12.9421587890271
10073500000,-12.3028574386896
10073600000,-12.3730159520754
10073700000,-12.9365202080659
10073800000,-12.6940341832809
10073900000,-12.1539704983312
10074000000,-12.7263528304391
10074100000,-12.5509060689349
10074200000,-12.579487613097
10074300000,-13.0586817807072
10074400000,-12.594893652927
10074500000,-12.5646806619429
10074600000,-12.4037578438692
10074700000,-12.7071559257111
10074800000,-12.0091036954384
10074900000,-12.4905131704246
10075000000,-12.5651150157726
10075100000,-12.5104616082517
10075200000,-12.9730932269802
10075300000,-12.6449709815894
10075400000,-12.7612141273554
10075500000,-12.782114068743
10075600000,-12.5422014659947
10075700000,-12.3747324815694
10075800000,-12.4550606761178
10075900000,-12.7308527482567
10076000000,-12.4541040910899
10076100000,-12.5837080817523
10076200000,-12.703587840261
10076300000,-12.7894570826995
10076400000,-12.6855833202889
10076500000,-12.8700476299478
10076600000,-12.6998437523288
10076700000,-12.697839807779
10076800000,-13.0055717840066
10076900000,-12.8035584096674
10077000000,-12.7756558833231
10077100000,-12.8241937363895
10077200000,-12.4985299545598
10077300000,-12.763145777464
10077400000,-12.4875775843505
10077500000,-12.8119678902022
10077600000,-12.6611982657342
10077700000,-12.5146722649148
10077800000,-13.2134646779333
10077900000,-12.9577791028957
10078000000,-12.7378880630282
10078100000,-12.5926222982167
10078200000,-12.7038251556532
10078300000,-12.8867935063088
10078400000,-12.8400235861302
10078500000,-12.866581209127
10078600000,-12.8118399069557
10078700000,-12.597555406804
10078800000,-12.6984733319228
10078900000,-13.3149558248783
10079000000,-12.9354437637353
10079100000,-13.3835021378056
10079200000,-13.0108358375686
10079300000,-12.5620469893421
10079400000,-12.9225546966369
10079500000,-12.9113717925783
10079600000,-13.2542277659579
10079700000,-12.4632363910871
10079800000,-12.7941552223796
10079900000,-12.5682269237606
10080000000,-12.9246220424348
10080100000,-13.1570038728008
10080200000,-12.8273504512577
10080300000,-12.8354550676274
10080400000,-13.2523905825271
10080500000,-13.1372959982492
10080600000,-12.9057331759829
10080700000,-12.8806550127997
10080800000,-13.1473675887747
10080900000,-12.5350548668364
10081000000,-12.9805488161743
10081100000,-12.922729222903
10081200000,-12.9727351907168
10081300000,-12.9864536851076
10081400000,-12.8109374896136
10081500000,-13.0262155250551
10081600000,-12.7191248718015
10081700000,-12.4266676721935
10081800000,-12.9655059348739
10081900000,-12.8988177396794
10082000000,-13.2983717329335
10082100000,-12.7962454469258
10082200000,-13.3299339544284
10082300000,-12.7117097005875
10082400000,-13.0946660846095
10082500000,-12.8835123954474
10082600000,-13.2562267996479
10082700000,-12.8399366930612
10082800000,-12.8201738869093
10082900000,-12.7612394724326
10083000000,-13.4205651719182
10083100000,-12.9171860136263
10083200000,-13.1361304678034
10083300000,-12.8623471424104
10083400000,-13.2140625892847
10083500000,-13.0216300903138
10083600000,-13.1904544783814
10083700000,-12.7781826002923
10083800000,-13.3840603392582
10083900000,-13.019509219206
10084000000,-12.5598764595308
10084100000,-12.8808469492504
10084200000,-12.9904328770759
10084300000,-13.5235673749193
10084400000,-12.7225929880251
10084500000,-12.8695253089688
10084600000,-13.6278072617498
10084700000,-12.6110326102228
10084800000,-13.2575741561575
10084900000,-13.3810506416116
10085000000,-12.9883915326011
10085100000,-13.5367223915393
10085200000,-13.2165611027187
10085300000,-12.9254942245441
10085400000,-13.3698247756124
10085500000,-12.6734834759065
10085600000,-13.3430030469298
10085700000,-12.9869415696847
10085800000,-13.0453514392571
10085900000,-12.7912452237473
10086000000,-12.8028121832769
10086100000,-12.8893010080656
10086200000,-12.8390659824184
10086300000,-13.2245097634169
10086400000,-12.9614663443976
10086500000,-12.8061178397
10086600000,-13.1961882667725
10086700000,-12.869461302107
10086800000,-12.8204984813236
10086900000,-13.1255960557512
10087000000,-12.9693073251829
10087100000,-13.2622404731099
10087200000,-13.2822407055402
10087300000,-13.3975218920004
10087400000,-13.3447738011471
10087500000,-13.533944471163
10087600000,-13.3793237421657
10087700000,-13.1900584663053
10087800000,-13.3513010497098
10087900000,-13.6125274674664
10088000000,-12.9021730821277
10088100000,-12.9587834503496
10088200000,-13.1666280309114
10088300000,-12.7927673484937
10088400000,-12.9839156054209
10088500000,-12.9505956594821
10088600000,-13.2691904265206
10088700000,-13.5237121972121
10088800000,-13.1330848218511
10088900000,-12.8278022876404
10089000000,-13.2388645440922
10089100000,-12.9125055736417
10089200000,-13.172411080927
10089300000,-13.4073754419972
10089400000,-12.58896185289
10089500000,-12.766920696564
10089600000,-13.0746762164174
10089700000,-12.8094504412619
10089800000,-13.39083267347
10089900000,-13.298161153485
10090000000,-13.057157482336
10090100000,-13.0427782209735
10090200000,-13.5612090608386
10090300000,-13.3555735645943
10090400000,-12.8371481429873
10090500000,-13.0839868415989
10090600000,-13.0321439582398
10090700000,-13.2742063840974
10090800000,-13.111535260942
10090900000,-12.932587819116
10091000000,-12.4791599688212
10091100000,-12.9726225491709
10091200000,-13.1379910010456
10091300000,-12.8658185216243
10091400000,-13.0137663059913
10091500000,-13.0778165789423
10091600000,-12.6693726034442
10091700000,-12.3788711756503
10091800000,-12.2932065584815
10091900000,-13.0947733927181
10092000000,-12.7392139845268
10092100000,-12.90767974643
10092200000,-12.9857721200444
10092300000,-12.9775607230427
10092400000,-12.9033460896389
10092500000,-13.1556665423294
10092600000,-12.8583755995159
10092700000,-13.0254778273974
10092800000,-13.30625787844
10092900000,-13.0603760725245
10093000000,-12.7919636061003
10093100000,-12.6321157140905
10093200000,-13.2126471208565
10093300000,-12.5535929324777
10093400000,-12.9865144929934
10093500000,-11.8532617624144
10093600000,-12.861179602097
10093700000,-13.0449641665685
10093800000,-13.0494435375462
10093900000,-13.0202491921736
10094000000,-12.9228021706564
10094100000,-12.821485690566
10094200000,-12.7356944470046
10094300000,-12.5080753159482
10094400000,-12.705122948758
10094500000,-13.0490353980597
10094600000,-12.5798738932017
10094700000,-13.2084728129515
10094800000,-12.9150036569748
10094900000,-12.6690624885416
10095000000,-12.7337374383291
10095100000,-12.4687200366654
10095200000,-12.2415928026992
10095300000,-12.7829522905385
10095400000,-12.7493795435252
10095500000,-12.7981939355529
10095600000,-12.3985271680792
10095700000,-12.649080067824
10095800000,-12.7215129999166
10095900000,-12.6027665818612
10096000000,-12.8212328550444
10096100000,-12.8712153130905
10096200000,-12.5891698568616
10096300000,-12.774679290313
10096400000,-12.217426285405
10096500000,-12.6839222411749
10096600000,-12.24049942273
10096700000,-12.2444406558759
10096800000,-12.2779551521124
10096900000,-12.3141316700027
10097000000,-12.5650990180556
10097100000,-13.0573099100655
10097200000,-12.6712740181466
10097300000,-13.0737638085465
10097400000,-12.0455836616136
10097500000,-12.7334640466121
10097600000,-12.8652738482754
10097700000,-12.4551622434827
10097800000,-12.7794420523827
10097900000,-12.7197401665229
10098000000,-12.870973590594
10098100000,-12.6344553790108
10098200000,-12.1309874463472
10098300000,-12.7319125252339
10098400000,-12.4213918291124
10098500000,-12.3584038011837
10098600000,-12.4551112029156
10098700000,-12.8494427829653
10098800000,-12.2316930308548
10098900000,-12.5034251602568
10099000000,-12.570339977985
10099100000,-12.8836439468521
10099200000,-12.5719080078437
10099300000,-12.3109308649102
10099400000,-12.2959054918549
10099500000,-12.7427250757206
10099600000,-12.8020464095591
10099700000,-12.5890978640987
10099800000,-12.9191491447446
10099900000,-12.3255506501116
10100000000,-12.7762689057421
10100100000,-12.6905298513595
10100200000,-12.2726162457081
10100300000,-12.8673627192987
10100400000,-12.6596378132563
10100500000,-13.0244952477088
10100600000,-12.2873651706366
10100700000,-12.6347704566554
10100800000,-12.5222367497868
10100900000,-12.3433194572064
10101000000,-12.3875204142724
10101100000,-12.1943967123839
10101200000,-12.549046782001
10101300000,-12.9360597443423
10101400000,-12.4102483079691
10101500000,-12.7440143419864
10101600000,-12.4432581195719
10101700000,-12.5023357905761
10101800000,-13.0095690627184
10101900000,-12.675034914058
10102000000,-12.8424766067026
10102100000,-12.3216563906958
10102200000,-12.4863684841644
10102300000,-12.2490899009939
10102400000,-13.0366497937588
10102500000,-13.3610750161823
10102600000,-12.9332602032386
10102700000,-12.5973116669803
10102800000,-12.6597227731645
10102900000,-12.4526646604122
10103000000,-12.4250400203071
10103100000,-12.2524457740932
10103200000,-12.0821507282111
10103300000,-12.9348754459992
10103400000,-12.5762397493218
10103500000,-12.9030004402961
10103600000,-12.2580471078327
10103700000,-12.4837828053427
10103800000,-12.4426395846307
10103900000,-12.9098576312359
10104000000,-12.4936037319771
10104100000,-12.9303484687198
10104200000,-12.487653093764
10104300000,-12.9134490345558
10104400000,-12.545409004576
10104500000,-12.8201736435998
10104600000,-12.2556127778747
10104700000,-12.6942442345364
10104800000,-12.2995339283006
10104900000,-12.9245202930011
10105000000,-12.8574060618489
10105100000,-12.4110753142043
10105200000,-12.7912175893169
10105300000,-12.9871213648135
10105400000,-12.4542922117152
10105500000,-12.3670660673369
10105600000,-12.2908578723361
10105700000,-12.4496379204582
10105800000,-12.663471372774
10105900000,-12.3789085330758
10106000000,-12.7512810442557
10106100000,-12.6348457988201
10106200000,-13.0597817668421
10106300000,-12.2698794989443
10106400000,-12.7575133428683
10106500000,-12.7815604628488
10106600000,-12.7342603648603
10106700000,-12.9544830706183
10106800000,-12.4973863649885
10106900000,-12.4579088229183
10107000000,-12.8051331586637
10107100000,-12.4611433523202
10107200000,-12.3362399785797
10107300000,-12.5516807221779
10107400000,-12.404105387037
10107500000,-12.5826744748983
10107600000,-12.8059986981677
10107700000,-12.6989772842562
10107800000,-12.8943637147619
10107900000,-13.1085174277418
10108000000,-12.7568182852024
10108100000,-12.5410646867019
10108200000,-12.5808949926954
10108300000,-12.469300447478
10108400000,-12.6150759410607
10108500000,-12.4563655053279
10108600000,-12.3403344234298
10108700000,-13.0347959575992
10108800000,-12.5547407219829
10108900000,-13.22507199093
10109000000,-12.7593110855164
10109100000,-12.3700897972339
10109200000,-12.4227326318498
10109300000,-12.4705312355389
10109400000,-12.3800555892329
10109500000,-12.7268322178219
10109600000,-12.5255088132751
10109700000,-12.2674171885175
10109800000,-12.9471547337057
10109900000,-12.7568311594745
10110000000,-12.6255584912327
10110100000,-12.7831466305464
10110200000,-12.5862372218831
10110300000,-12.7988286205378
10110400000,-12.4206083738293
10110500000,-12.7824275855142
10110600000,-12.5934708524571
10110700000,-12.9614798924955
10110800000,-12.6244225590134
10110900000,-12.1474426177367
10111000000,-12.9277666583664
10111100000,-12.5963673154171
10111200000,-12.5213340387074
10111300000,-12.6205815685958
10111400000,-12.6433740801283
10111500000,-12.3962867718282
10111600000,-12.873580826195
10111700000,-12.8738928435516
10111800000,-12.8371909338904
10111900000,-12.6126950328429
10112000000,-12.6526213533587
10112100000,-12.6151778420924
10112200000,-12.8623585578389
10112300000,-12.7967725674838
10112400000,-12.636738065163
10112500000,-12.3311838990242
10112600000,-12.3204246207822
10112700000,-12.9180196388624
10112800000,-12.3233398281996
10112900000,-12.5178563909309
10113000000,-12.9207659713059
10113100000,-12.3152606182794
10113200000,-13.081947154401
10113300000,-12.5265796632644
10113400000,-12.7232842877707
10113500000,-12.9043014343124
10113600000,-12.6896642514745
10113700000,-13.2063425403608
10113800000,-12.5775396604487
10113900000,-12.5965427185397
10114000000,-12.6316094168924
10114100000,-12.5375724355632
10114200000,-12.3807593045327
10114300000,-12.4847316634752
10114400000,-12.7951072227475
10114500000,-12.5590793737558
10114600000,-12.9629741003264
10114700000,-12.7906981625112
10114800000,-12.5609507573931
10114900000,-12.9645300139873
10115000000,-12.4191684640519
10115100000,-13.1117566652446
10115200000,-13.2876796522242
10115300000,-12.378132531295
10115400000,-12.8601394084055
10115500000,-13.1984768154603
10115600000,-12.6473301401302
10115700000,-12.3556567223668
10115800000,-12.8195344676287
10115900000,-12.790898220728
10116000000,-12.537767503495
10116100000,-12.490821601093
10116200000,-12.4827851373342
10116300000,-12.4750967437904
10116400000,-12.342056437547
10116500000,-13.0954069087943
10116600000,-12.7113316619234
10116700000,-12.5435871678238
10116800000,-12.5049694211438
10116900000,-12.6606625904196
10117000000,-12.898807275772
10117100000,-12.8875906582173
10117200000,-12.3674851182763
10117300000,-13.0455334498858
10117400000,-12.7476562638156
10117500000,-12.6061234549246
10117600000,-12.8191827950776
10117700000,-12.9283283774373
10117800000,-12.6841702120793
10117900000,-12.725411037718
10118000000,-12.8409986283411
10118100000,-12.6044101689183
10118200000,-12.9131316925721
10118300000,-12.9423313248166
10118400000,-13.2346828612167
10118500000,-13.0465281793211
10118600000,-12.5474067934994
10118700000,-12.8467356823496
10118800000,-12.493039556569
10118900000,-12.4621911820696
10119000000,-12.8783025555335
10119100000,-13.1568111124155
10119200000,-12.1807268628675
10119300000,-12.5933920627533
10119400000,-12.8039659179274
10119500000,-12.6136352380698
10119600000,-12.9845962318914
10119700000,-12.9075789400775
10119800000,-12.2762250565859
10119900000,-12.7808092417536
10120000000,-13.0150891644502
10120100000,-12.8395562440749
10120200000,-13.0256980202441
10120300000,-12.491248759093
10120400000,-13.2753697072419
10120500000,-12.9224165781882
10120600000,-13.0046227657204
10120700000,-12.7537323901452
10120800000,-12.7458815347837
10120900000,-13.0990865880612
10121000000,-12.887662292549
10121100000,-12.9861662838603
10121200000,-13.0374067032279
10121300000,-12.8097854683808
10121400000,-12.9302478691168
10121500000,-12.6228484585324
10121600000,-12.743168465671
10121700000,-12.6523592619952
10121800000,-12.9235885108083
10121900000,-12.7262769812729
10122000000,-13.0704427101066
10122100000,-12.3767394045172
10122200000,-12.7309620291338
10122300000,-12.5484573305723
10122400000,-12.9441219574976
10122500000,-12.7136004425892
10122600000,-12.8348125167691
10122700000,-12.7187624806615
10122800000,-12.9955304167419
10122900000,-12.4111832072563
10123000000,-12.7491172931071
10123100000,-12.6216831008146
10123200000,-12.3978243926277
10123300000,-12.772617649076
10123400000,-12.9818000295299
10123500000,-12.8683530550849
10123600000,-13.0765137081761
10123700000,-13.1097250125409
10123800000,-13.1779830531631
10123900000,-13.2059791098814
10124000000,-12.8123681563015
10124100000,-13.0817433651195
10124200000,-12.9888650313049
10124300000,-12.8214658634087
10124400000,-13.0071430135233
10124500000,-13.0012581064283
10124600000,-12.8240987337552
10124700000,-13.1442676672284
10124800000,-13.4096142655731
10124900000,-12.7048203013752
10125000000,-13.0129318752025
10125100000,-12.9740590269183
10125200000,-12.9376055702536
10125300000,-13.2570857163821
10125400000,-12.878195549149
10125500000,-12.7695907262102
10125600000,-13.8899985506658
10125700000,-13.2491666654671
10125800000,-13.4323573958559
10125900000,-13.2560058826995
10126000000,-12.7903049892654
10126100000,-12.8512741334475
10126200000,-13.0074214643649
10126300000,-13.0352934421316
10126400000,-13.4397779469633
10126500000,-12.9906824971709
10126600000,-13.4249582447952
10126700000,-12.8673387733381
10126800000,-12.8770836494548
10126900000,-12.7050562292636
10127000000,-13.0832375161268
10127100000,-12.966091466608
10127200000,-13.5182058206535
10127300000,-13.0992647547791
10127400000,-12.756229807552
10127500000,-12.9771609994286
10127600000,-13.0538598135661
10127700000,-13.7957509420898
10127800000,-13.5246157179626
10127900000,-13.1298711479267
10128000000,-12.7891994516637
10128100000,-12.6122234475894
10128200000,-13.2358422841251
10128300000,-12.8507017130219
10128400000,-13.1582194696762
10128500000,-12.9093299042548
10128600000,-13.0488246503903
10128700000,-13.0781402374581
10128800000,-13.0361845999583
10128900000,-13.3940305815961
10129000000,-13.023123651189
10129100000,-13.0253242680859
10129200000,-12.9980790552566
10129300000,-13.1026422769285
10129400000,-13.37958051665
10129500000,-13.3474717207629
10129600000,-12.9303469448926
10129700000,-13.2040756576999
10129800000,-13.0030724723721
10129900000,-13.2718323151491
10130000000,-12.6452405330381
10130100000,-12.9729668195936
10130200000,-13.0071576975271
10130300000,-13.2096368522194
10130400000,-12.7547541944635
10130500000,-12.8043972777295
10130600000,-13.3272418468333
10130700000,-13.7645510364889
10130800000,-12.7572283756088
10130900000,-12.7764035316996
10131000000,-13.0881727809317
10131100000,-13.6741652378424
10131200000,-13.0411096605555
10131300000,-13.343494284285
10131400000,-12.9697454227576
10131500000,-12.7693912691418
10131600000,-12.5227372176735
10131700000,-13.2207096680763
10131800000,-13.3366125224749
10131900000,-13.0577264295099
10132000000,-12.7857842826733
10132100000,-13.4205435015332
10132200000,-13.4462281290268
10132300000,-12.832898545862
10132400000,-13.5605460145729
10132500000,-13.1842799331881
10132600000,-12.9250424730412
10132700000,-13.1540301196903
10132800000,-13.2111052194309
10132900000,-13.4686705473303
10133000000,-12.9703403767036
10133100000,-13.1396533665561
10133200000,-13.391535290525
10133300000,-13.3651547302324
10133400000,-13.1743745135908
10133500000,-13.2609585396263
10133600000,-13.4467143088421
10133700000,-13.0717344593584
10133800000,-13.4257647778632
10133900000,-13.0060020108696
10134000000,-12.7441791145064
10134100000,-13.0842890936094
10134200000,-12.794257732741
10134300000,-13.1438467089379
10134400000,-12.971603987077
10134500000,-13.4730791065593
10134600000,-13.4127400599277
10134700000,-13.2099441390663
10134800000,-13.2106234894824
10134900000,-12.8989495470955
10135000000,-12.9557218930137
10135100000,-13.1035296478819
10135200000,-13.193627453028
10135300000,-13.1181005478414
10135400000,-12.8270558428953
10135500000,-13.001527997943
10135600000,-12.7136285628799
10135700000,-13.482905494435
10135800000,-12.8023204058258
10135900000,-13.4494531065252
10136000000,-12.9809475637465
10136100000,-12.7778435335322
10136200000,-12.9975427820387
10136300000,-13.1700487061451
10136400000,-13.1037876427468
10136500000,-13.4104227296615
10136600000,-13.0448602993804
10136700000,-12.6172329756418
10136800000,-13.4861852575297
10136900000,-12.6980307560418
10137000000,-12.7908819511829
10137100000,-13.1977191924612
10137200000,-12.8156496254043
10137300000,-12.6681552741783
10137400000,-13.0834395165296
10137500000,-12.9881251539351
10137600000,-13.5567675457278
10137700000,-12.9618265389937
10137800000,-12.5368432299881
10137900000,-12.5636306049322
10138000000,-12.9806233688983
10138100000,-13.2784834973186
10138200000,-13.0311128458342
10138300000,-12.6735736108373
10138400000,-13.458418282013
10138500000,-13.0968132816466
10138600000,-13.0313791099255
10138700000,-13.1969857482344
10138800000,-12.8990251004563
10138900000,-12.4021012076537
10139000000,-13.1113637382152
10139100000,-13.1051228034842
10139200000,-13.2252525497654
10139300000,-12.7095819887393
10139400000,-12.7755830464384
10139500000,-12.3786135219822
10139600000,-12.8529795170494
10139700000,-12.7457669859411
10139800000,-12.8152013138771
10139900000,-12.6653999712023
10140000000,-12.8735453540702
10140100000,-13.2426875732349
10140200000,-12.3106518159276
10140300000,-13.5948314359447
10140400000,-12.5342965429901
10140500000,-13.1216070878394
10140600000,-12.4348491900529
10140700000,-12.6789854853225
10140800000,-12.4629192696456
10140900000,-12.7906560663088
10141000000,-13.0006665419354
10141100000,-13.3142685067027
10141200000,-12.3113772892939
10141300000,-12.7717665308728
10141400000,-12.8237687318606
10141500000,-12.5281247116004
10141600000,-12.7867482387265
10141700000,-12.7514230701978
10141800000,-12.905746151024
10141900000,-12.7357220625547
10142000000,-13.1554575992315
10142100000,-12.5977769124314
10142200000,-12.7649204513206
10142300000,-12.5425890650485
10142400000,-12.6234640728687
10142500000,-12.179544754446
10142600000,-12.3737676097677
10142700000,-12.9273788082575
10142800000,-12.446461994363
10142900000,-12.6193280471875
10143000000,-13.1170315348343
10143100000,-12.5792020888488
10143200000,-12.7145201666152
10143300000,-12.8424784126586
10143400000,-12.9568366860347
10143500000,-13.0503046773623
10143600000,-12.4571630257379
10143700000,-12.5696342713024
10143800000,-11.8751677654135
10143900000,-12.5416319428266
10144000000,-12.6899048804396
10144100000,-12.7524410740798
10144200000,-12.4181666867123
10144300000,-13.066938021333
10144400000,-12.4942932660564
10144500000,-12.6039730355962
10144600000,-12.1354501627029
10144700000,-12.5401775850055
10144800000,-12.5625908976644
10144900000,-12.8185767280782
10145000000,-12.4257405267411
10145100000,-12.5919059037413
10145200000,-12.9648715065935
10145300000,-13.034635241534
10145400000,-12.7248086498253
10145500000,-12.4662113719905
10145600000,-12.3734949692835
10145700000,-12.7778888636756
10145800000,-12.8069036644675
10145900000,-13.0081864632483
10146000000,-12.87139021595
10146100000,-12.7054815868299
10146200000,-12.5415443985907
10146300000,-12.8075020726212
10146400000,-12.5665993704533
10146500000,-12.3524305684464
10146600000,-12.1906135356788
10146700000,-12.9467705409627
10146800000,-12.4142291709486
10146900000,-12.6995427293747
10147000000,-12.7367747712666
10147100000,-12.8153292133933
10147200000,-12.9130582777536
10147300000,-12.5076403014934
10147400000,-12.0868979784566
10147500000,-12.9058742177367
10147600000,-12.5875835841561
10147700000,-12.6400102282403
10147800000,-12.666027916764
10147900000,-12.3499874197639
10148000000,-12.4698072891258
10148100000,-12.4866664186466
10148200000,-12.6836543759886
10148300000,-12.4532060941005
10148400000,-12.5896476538627
10148500000,-12.4919840823826
10148600000,-12.8019791056995
10148700000,-12.7794748753969
10148800000,-12.4035452740241
10148900000,-12.6488254523674
10149000000,-12.7623545413401
10149100000,-12.5899180842088
10149200000,-12.6062343251455
10149300000,-12.5895988363438
10149400000,-12.8524028013053
10149500000,-12.9066379936582
10149600000,-12.1642629691953
10149700000,-12.7174352277652
10149800000,-12.2975966987813
10149900000,-12.4058259951738
10150000000,-12.7336791429335
10150100000,-12.6646938109756
10150200000,-12.221408956604
10150300000,-12.9045689330237
10150400000,-12.5801607464122
10150500000,-12.5317539371871
10150600000,-12.6584403968178
10150700000,-12.7251713643496
10150800000,-12.6194173829609
10150900000,-12.5608891022041
10151000000,-12.6961552928688
10151100000,-12.6168950759692
10151200000,-12.4215148973469
10151300000,-12.3770341566632
10151400000,-12.7464885746186
10151500000,-12.4957688939025
10151600000,-12.6724137453033
10151700000,-12.5852392562783
10151800000,-12.5019719440488
10151900000,-12.2974341023587
10152000000,-12.5666963361011
10152100000,-12.4662162467643
10152200000,-12.2350629760978
10152300000,-12.5784091677648
10152400000,-12.8832539673681
10152500000,-12.3781216742684
10152600000,-12.6594143560048
10152700000,-12.7940692240632
10152800000,-12.4907799092919
10152900000,-13.0785044044935
10153000000,-12.7790959838935
10153100000,-12.8981030158119
10153200000,-12.5729694412767
10153300000,-12.9269486448922
10153400000,-12.7494217421179
10153500000,-12.5680849158854
10153600000,-12.9296973202391
10153700000,-12.5312428424911
10153800000,-12.6201574890455
10153900000,-12.8592031855096
10154000000,-12.9825884775386
10154100000,-12.7069899630213
10154200000,-12.9096083698764
10154300000,-12.7920240893773
10154400000,-12.3882144344935
10154500000,-12.6575537383074
10154600000,-12.7185678203412
10154700000,-12.8172110687609
10154800000,-12.4298266683285
10154900000,-12.4426548150798
10155000000,-12.4890244255532
10155100000,-12.9904376866081
10155200000,-12.1084935560915
10155300000,-12.5600050907901
10155400000,-12.4770652560716
10155500000,-13.2821606332714
10155600000,-12.9066930497695
10155700000,-13.0650365532134
10155800000,-12.4576690864779
10155900000,-12.936953500335
10156000000,-12.8010618963512
10156100000,-12.6935190285475
10156200000,-12.7448400034747
10156300000,-12.6362945760977
10156400000,-12.4958200996518
10156500000,-12.5529791815402
10156600000,-12.4575308397676
10156700000,-12.6992734539496
10156800000,-12.974388305307
10156900000,-12.7857340498507
10157000000,-12.6188733329875
10157100000,-12.8602219032209
10157200000,-12.5025412828949
10157300000,-12.7030515401206
10157400000,-12.7048446701985
10157500000,-12.6343298276648
10157600000,-12.9090382685668
10157700000,-12.581294807562
10157800000,-13.1053116920795
10157900000,-12.3585341351485
10158000000,-12.8665145767013
10158100000,-12.509413229447
10158200000,-12.8008168812246
10158300000,-12.5985485671346
10158400000,-12.7052133373874
10158500000,-12.2581528305728
10158600000,-12.3658234767793
10158700000,-12.2551375514729
10158800000,-13.0101778195624
10158900000,-12.752289355152
10159000000,-12.6843795680753
10159100000,-12.2809031280129
10159200000,-12.9129743850959
10159300000,-13.0637873423782
10159400000,-12.657270574812
10159500000,-12.5303314807863
10159600000,-12.5374005701804
10159700000,-12.3533269158596
10159800000,-12.4886726406266
10159900000,-12.6208371849638
10160000000,-12.9828861279355
10160100000,-12.4331957380558
10160200000,-12.8245075354186
10160300000,-12.3935952560256
10160400000,-12.1652854867555
10160500000,-12.1759961158026
10160600000,-12.1037583146439
10160700000,-13.0413602818789
10160800000,-12.5592473364973
10160900000,-12.9695122155713
10161000000,-12.7160878201851
10161100000,-12.4354163121972
10161200000,-12.1831834138182
10161300000,-12.9957732920197
10161400000,-12.6419527810681
10161500000,-12.1284406234012
10161600000,-12.4938463622692
10161700000,-12.5131722547521
10161800000,-12.1539101781994
10161900000,-12.0329476944336
10162000000,-12.5429366897166
10162100000,-12.9364771992818
10162200000,-12.8363229210005
10162300000,-13.0271565201488
10162400000,-12.427246522477
10162500000,-12.7981912455315
10162600000,-13.020502544757
10162700000,-12.2061231384066
10162800000,-12.3043625787521
10162900000,-12.3671147283363
10163000000,-12.6370233416089
10163100000,-12.2039764119219
10163200000,-12.5735640518579
10163300000,-12.2196106868892
10163400000,-12.3271225773221
10163500000,-12.4897139162774
10163600000,-12.5603742238177
10163700000,-12.8400763535448
10163800000,-12.4521196627046
10163900000,-12.0699193387364
10164000000,-12.3346226905738
10164100000,-12.5022921899183
10164200000,-11.9149361224559
10164300000,-12.3136603497932
10164400000,-12.1445681731102
10164500000,-12.2405662598178
10164600000,-12.4342566419369
10164700000,-12.2498043260534
10164800000,-12.3791745962793
10164900000,-12.233915693128
10165000000,-11.8277044912357
10165100000,-12.3334154408531
10165200000,-11.9365892383539
10165300000,-12.4733325288698
10165400000,-12.2793085956039
10165500000,-11.6589131390169
10165600000,-12.2107147864091
10165700000,-12.3945680354136
10165800000,-11.8366068974961
10165900000,-12.232136833806
10166000000,-12.0483807585663
10166100000,-11.9549866888112
10166200000,-12.4592277646033
10166300000,-12.3139808138235
10166400000,-12.030877902796
10166500000,-12.3409378679186
10166600000,-12.3404728567953
10166700000,-12.2862251635783
10166800000,-12.0488765086662
10166900000,-11.8324511930269
10167000000,-12.4041214799203
10167100000,-11.9647179780648
10167200000,-11.751286546544
10167300000,-11.9852316810034
10167400000,-12.1773305863924
10167500000,-12.0955280017654
10167600000,-12.1298602903639
10167700000,-11.8846418716232
10167800000,-11.8429605756853
10167900000,-12.2000874853317
10168000000,-11.9882845667376
10168100000,-11.806654150002
10168200000,-12.2341267997691
10168300000,-12.0698308850393
10168400000,-11.6578514408973
10168500000,-11.9587351386059
10168600000,-11.7523774500559
10168700000,-11.8149867493805
10168800000,-11.7411754430559
10168900000,-11.6365221651073
10169000000,-11.9240179036621
10169100000,-11.8329970057778
10169200000,-12.4417402372279
10169300000,-11.8045064167514
10169400000,-11.8848744673956
10169500000,-11.8572880374975
10169600000,-11.6058581743528
10169700000,-12.119201371285
10169800000,-12.0682614816217
10169900000,-11.5307723310679
10170000000,-11.6518211717251
10170100000,-12.0018485297072
10170200000,-12.0682152324862
10170300000,-11.7925842115823
10170400000,-11.9269190306636
10170500000,-11.8780110021298
10170600000,-12.299827330658
10170700000,-12.1288140064863
10170800000,-12.029933190673
10170900000,-12.1708498078917
10171000000,-11.762156131794
10171100000,-11.7350781820593
10171200000,-12.0279954294554
10171300000,-11.7976062364188
10171400000,-11.6841917771134
10171500000,-11.9398173892975
10171600000,-11.5894189938952
10171700000,-11.8625534334069
10171800000,-11.7947889942566
10171900000,-11.6646794776988
10172000000,-11.8894798336528
10172100000,-11.4934194949714
10172200000,-11.8187665765137
10172300000,-11.8198031916034
10172400000,-11.3286479894574
10172500000,-11.4601066565825
10172600000,-11.7911844250914
10172700000,-11.386311236191
10172800000,-11.8580448459249
10172900000,-11.6732762657991
10173000000,-11.9983382260101
10173100000,-11.5631442372292
10173200000,-11.419371764784
10173300000,-11.1251072830643
10173400000,-11.6769363261038
10173500000,-11.912229973707
10173600000,-11.5527797764697
10173700000,-11.5062038006661
10173800000,-11.5214000869199
10173900000,-11.5617316924882
10174000000,-12.137705042837
10174100000,-11.6544570732637
10174200000,-11.6008668419627
10174300000,-11.6931987823396
10174400000,-11.6001224505067
10174500000,-11.7440968473432
10174600000,-11.9940152518773
10174700000,-11.5105434708539
10174800000,-11.6834847661457
10174900000,-11.5725473948561
10175000000,-11.4958667637645
10175100000,-11.9363252821428
10175200000,-12.1162646709377
10175300000,-11.8325084025636
10175400000,-11.2949597380553
10175500000,-11.4724054446277
10175600000,-11.6271995484349
10175700000,-11.7828814932511
10175800000,-11.5911106657067
10175900000,-11.9914134182205
10176000000,-11.8536624230954
10176100000,-11.7086865917677
10176200000,-11.6331656926327
10176300000,-11.7606416662552
10176400000,-11.3300741856464
10176500000,-12.0079849630924
10176600000,-11.8106638838207
10176700000,-11.2506966563952
10176800000,-11.3975103111016
10176900000,-11.6352292711576
10177000000,-11.8351954836906
10177100000,-11.4041591913235
10177200000,-11.6932054116475
10177300000,-11.8006276136218
10177400000,-11.744656064752
10177500000,-11.8327021019406
10177600000,-11.8568922256352
10177700000,-11.5553936966564
10177800000,-11.6480947328763
10177900000,-11.801506400351
10178000000,-11.6519598639308
10178100000,-11.308101222519
10178200000,-11.6496326104004
10178300000,-11.9017484283022
10178400000,-11.7806358196896
10178500000,-12.1955092227961
10178600000,-11.7490916794498
10178700000,-11.4383462062156
10178800000,-11.6633128718339
10178900000,-11.8758412714888
10179000000,-11.8908884076617
10179100000,-11.6051917154381
10179200000,-11.7488753017539
10179300000,-11.6827272431131
10179400000,-11.5127976359184
10179500000,-11.7971312957423
10179600000,-11.4714633807704
10179700000,-11.4791245845096
10179800000,-11.8137074800166
10179900000,-11.6435507919613
10180000000,-11.7582098914579
10180100000,-11.8436067228279
10180200000,-11.6269428370155
10180300000,-11.6799692353426
10180400000,-11.5917225038282
10180500000,-11.581416984194
10180600000,-11.4886856185633
10180700000,-11.314011897371
10180800000,-11.5536061675911
10180900000,-11.6156386064404
10181000000,-11.2909599318516
10181100000,-11.3331698664127
10181200000,-11.9057685259596
10181300000,-11.635935609113
10181400000,-11.4065808727031
10181500000,-11.7129631054542
10181600000,-11.911595002363
10181700000,-11.8822387913449
10181800000,-12.0398792148422
10181900000,-11.8396363407342
10182000000,-11.3935456292333
10182100000,-11.8014793184113
10182200000,-11.2727296166496
10182300000,-11.7060154340208
10182400000,-11.5675190594784
10182500000,-11.3310006184134
10182600000,-11.395150081333
10182700000,-11.5343577040341
10182800000,-11.802687965337
10182900000,-11.6354111723607
10183000000,-11.6132652573962
10183100000,-11.4090443360964
10183200000,-11.5429854533125
10183300000,-11.447537459249
10183400000,-11.7330947512734
10183500000,-11.6895822982273
10183600000,-11.6925374049954
10183700000,-11.6036946445992
10183800000,-11.2773753743194
10183900000,-11.2857511543835
10184000000,-11.5846013686115
10184100000,-11.5460602355871
10184200000,-11.5596453019777
10184300000,-11.2211042534711
10184400000,-11.364418155361
10184500000,-11.8685593185206
10184600000,-11.7731357344328
10184700000,-11.6716584732627
10184800000,-11.7436618568265
10184900000,-11.542399521268
10185000000,-11.5644210128998
10185100000,-11.6745526335226
10185200000,-11.1922350365986
10185300000,-11.2998716598615
10185400000,-11.6989155804306
10185500000,-11.5727024642832
10185600000,-11.5033740132585
10185700000,-12.1448861437253
10185800000,-11.8277938654538
10185900000,-11.4813977530883
10186000000,-11.4629224513919
10186100000,-11.8943956489395
10186200000,-11.7607331681
10186300000,-11.5909294720297
10186400000,-11.605672200158
10186500000,-11.2496085748497
10186600000,-11.6117398547126
10186700000,-11.2507572745547
10186800000,-11.4872092625057
10186900000,-11.624300157147
10187000000,-11.6331008072179
10187100000,-11.4747990740244
10187200000,-11.6340128108489
10187300000,-11.6117813955053
10187400000,-11.1860494291243
10187500000,-11.6052329678997
10187600000,-11.2687561419163
10187700000,-11.3771976486815
10187800000,-11.4094052981207
10187900000,-11.7579376357973
10188000000,-11.5431168929218
10188100000,-11.3900698450853
10188200000,-11.4836866947143
10188300000,-11.7586611819097
10188400000,-11.1465582527409
10188500000,-11.5151500007423
10188600000,-11.9450377527109
10188700000,-11.8154333003731
10188800000,-11.5485475875108
10188900000,-11.1569993951556
10189000000,-11.7262499566948
10189100000,-11.4296468174243
10189200000,-11.6450568668675
10189300000,-11.6866581913948
10189400000,-11.5631046702547
10189500000,-11.3986128770489
10189600000,-11.0697429151515
10189700000,-11.2064504905004
10189800000,-10.990298140794
10189900000,-11.6245851642183
10190000000,-11.6189792779707
10190100000,-11.7680631282879
10190200000,-11.402902583709
10190300000,-11.418370007312
10190400000,-11.4810745649522
10190500000,-11.9454298082386
10190600000,-11.6574303712161
10190700000,-11.5260543958708
10190800000,-11.6782450333892
10190900000,-11.439580950426
10191000000,-11.2290782190656
10191100000,-11.8418037512713
10191200000,-11.4743009536978
10191300000,-11.367185835126
10191400000,-11.4589562845832
10191500000,-11.5523211096309
10191600000,-11.5592303019841
10191700000,-11.5626823576085
10191800000,-11.5355912617826
10191900000,-11.5998101224993
10192000000,-11.6095341952479
10192100000,-11.6517218506811
10192200000,-11.4864008623132
10192300000,-11.520050412467
10192400000,-11.6956629421058
10192500000,-11.5872548665525
10192600000,-11.871868264918
10192700000,-11.8449934585158
10192800000,-11.3955832302453
10192900000,-11.4992910202411
10193000000,-11.9829742448879
10193100000,-11.3340544857018
10193200000,-11.7204369404437
10193300000,-11.5801724623837
10193400000,-11.6515407327338
10193500000,-11.9083877434486
10193600000,-11.6087019122472
10193700000,-11.3146990927082
10193800000,-11.4900465009512
10193900000,-12.1066983811407
10194000000,-11.8186121813598
10194100000,-12.0010317517267
10194200000,-11.5137692549421
10194300000,-11.4465155459669
10194400000,-11.6997433000332
10194500000,-11.6848746906133
10194600000,-11.572375933556
10194700000,-11.7460845191803
10194800000,-11.4224813827197
10194900000,-11.908711439592
10195000000,-11.8124231881717
10195100000,-11.6014894059241
10195200000,-11.9313581486659
10195300000,-11.7882762975513
10195400000,-11.8275537555928
10195500000,-11.5387701397858
10195600000,-11.6923428045237
10195700000,-11.4112198140091
10195800000,-11.8003258168591
10195900000,-11.4328801586984
10196000000,-11.6673672725748
10196100000,-11.3021178235846
10196200000,-11.8217862955679
10196300000,-11.8762399625751
10196400000,-11.4097681804956
10196500000,-11.4282730998596
10196600000,-11.3632571409754
10196700000,-11.6511272525911
10196800000,-11.640686047417
10196900000,-11.7468781740149
10197000000,-11.4888226264545
10197100000,-11.8053596156499
10197200000,-11.6417055182735
10197300000,-11.9326150887882
10197400000,-11.6985745095979
10197500000,-11.8288144438162
10197600000,-11.402140939463
10197700000,-11.9243352942032
10197800000,-11.8528745636761
10197900000,-11.6808060014681
10198000000,-11.9725950953682
10198100000,-11.9317931837927
10198200000,-11.77698093713
10198300000,-12.0951851382354
10198400000,-11.8035168525859
10198500000,-11.4374737004908
10198600000,-11.7746189201752
10198700000,-11.7012333627481
10198800000,-12.0873808537135
10198900000,-11.5145153227313
10199000000,-11.767652552637
10199100000,-11.654957761412
10199200000,-11.6960718428109
10199300000,-11.7315046606437
10199400000,-11.8184258305314
10199500000,-12.0039943171712
10199600000,-11.6537007734353
10199700000,-11.2244493009913
10199800000,-11.8576690684635
10199900000,-11.9537102590768
10200000000,-11.7920311166515
10200100000,-11.8323431614644
10200200000,-11.7048273707423
10200300000,-11.7050479042899
10200400000,-11.6007311096413
10200500000,-11.9182489233506
10200600000,-12.2889195925874
10200700000,-11.6379062970189
10200800000,-11.8645912552677
10200900000,-11.8764676584565
10201000000,-12.1486340588146
10201100000,-11.7187357026847
10201200000,-11.4585110941737
10201300000,-11.9691958272883
10201400000,-11.9871919283243
10201500000,-12.0450780270713
10201600000,-11.6699154135388
10201700000,-12.1648742096617
10201800000,-11.6344747757828
10201900000,-11.8147776215636
10202000000,-11.8170074836167
10202100000,-11.5911518717472
10202200000,-12.0200989538641
10202300000,-11.5501038309257
10202400000,-11.8301239245317
10202500000,-11.7516987939459
10202600000,-11.8603539193932
10202700000,-11.5709424927489
10202800000,-12.0238272134976
10202900000,-11.7484942697926
10203000000,-11.5952071486198
10203100000,-12.1976044095657
10203200000,-11.5609497801148
10203300000,-12.0906948246924
10203400000,-11.8702461355492
10203500000,-11.857346668898
10203600000,-11.8252800145606
10203700000,-11.6986460529692
10203800000,-11.7391622936754
10203900000,-11.9740815450429
10204000000,-11.8200854103395
10204100000,-11.8514765090486
10204200000,-12.1765678996513
10204300000,-11.5381540426019
10204400000,-11.666069812433
10204500000,-11.6847495703529
10204600000,-11.7905526952872
10204700000,-11.8329530534584
10204800000,-11.8299486774574
10204900000,-11.8618595869464
10205000000,-11.7063074834808
10205100000,-11.9038500515117
10205200000,-11.3759345149623
10205300000,-11.869802405434
10205400000,-11.990659055689
10205500000,-11.5619576169187
10205600000,-11.7824780489692
10205700000,-11.9285368009299
10205800000,-11.936038561286
10205900000,-12.1912116635684
10206000000,-12.027828169533
10206100000,-11.7565098021533
10206200000,-12.1936229669433
10206300000,-11.9286121501705
10206400000,-11.9637282202933
10206500000,-11.851734172916
10206600000,-11.6627202310864
10206700000,-11.8368509399603
10206800000,-11.8109204859701
10206900000,-11.9326685564145
10207000000,-11.696948911136
10207100000,-11.9720010496426
10207200000,-11.7866663434116
10207300000,-12.0697355030464
10207400000,-11.5736746034499
10207500000,-11.8892007623985
10207600000,-12.0544811880288
10207700000,-11.5329187124008
10207800000,-11.7419814101012
10207900000,-12.03513284776
10208000000,-11.9493942069881
10208100000,-11.9314079128565
10208200000,-11.890627359979
10208300000,-12.0708010555643
10208400000,-12.0023093512502
10208500000,-11.487956232661
10208600000,-11.82458988644
10208700000,-11.4427425895007
10208800000,-11.9827898023791
10208900000,-11.7793384869696
10209000000,-12.3553386378087
10209100000,-11.8518631543582
10209200000,-11.8078958472319
10209300000,-11.6014824694947
10209400000,-11.4970824864975
10209500000,-11.7572374651681
10209600000,-11.2712579704286
10209700000,-11.5557518030863
10209800000,-11.7338457335942
10209900000,-11.6707054913202
10210000000,-11.6395098571132
10210100000,-11.6134677131387
10210200000,-11.8548446467054
10210300000,-11.5916041129025
10210400000,-11.4759299987702
10210500000,-11.5353844222081
10210600000,-11.5421051281024
10210700000,-11.3527594202911
10210800000,-12.1553477056778
10210900000,-11.9961528127245
10211000000,-11.5719880139955
10211100000,-11.7525633760918
10211200000,-11.2053508807296
10211300000,-12.0137040666344
10211400000,-11.6783016664896
10211500000,-11.4517554830016
10211600000,-11.574086581997
10211700000,-11.7436212428066
10211800000,-11.6868596543188
10211900000,-11.8405609988427
10212000000,-11.6234726639181
10212100000,-11.9472057542091
10212200000,-11.670006288039
10212300000,-12.1365606523719
10212400000,-12.0487507845439
10212500000,-11.5339863144631
10212600000,-11.6278955887757
10212700000,-11.6869749373685
10212800000,-11.8046865621252
10212900000,-11.5763576895241
10213000000,-11.6303771222122
10213100000,-11.5720352017942
10213200000,-11.7370679179371
10213300000,-11.6070945455665
10213400000,-12.0482641327593
10213500000,-11.9618897942211
10213600000,-12.164988542034
10213700000,-12.1472691620653
10213800000,-11.4585026259582
10213900000,-12.181891215891
10214000000,-11.6299504904615
10214100000,-12.2192723721773
10214200000,-11.74691624187
10214300000,-11.6208483583768
10214400000,-11.5268982052296
10214500000,-11.861366600234
10214600000,-11.8280299715346
10214700000,-11.6781619425903
10214800000,-11.9680926490757
10214900000,-12.1583926458842
10215000000,-11.566100578403
10215100000,-11.5703212551716
10215200000,-11.9952807113519
10215300000,-11.6666995678566
10215400000,-11.6627219404379
10215500000,-12.324421987316
10215600000,-11.943467727682
10215700000,-11.7796886429561
10215800000,-11.7760612627993
10215900000,-11.708409061816
10216000000,-11.0382307025142
10216100000,-11.8410564181069
10216200000,-12.063290905632
10216300000,-11.9218035592334
10216400000,-11.8038290227255
10216500000,-11.5219086644452
10216600000,-11.6771855150282
10216700000,-12.1602805883101
10216800000,-11.8823003478159
10216900000,-11.2817379556181
10217000000,-12.2991635813581
10217100000,-11.7795255457303
10217200000,-12.0208644187376
10217300000,-11.9396175942245
10217400000,-11.8454886095456
10217500000,-11.7907325528475
10217600000,-11.6858686096136
10217700000,-11.8610082921517
10217800000,-11.7942919717405
10217900000,-11.7921655783037
10218000000,-11.880139406236
10218100000,-11.9161540857867
10218200000,-11.3875670524605
10218300000,-11.8209436867782
10218400000,-11.6323310042964
10218500000,-11.5931160276169
10218600000,-11.8831686920327
10218700000,-11.9095219727054
10218800000,-11.9764550048579
10218900000,-12.0760423992247
10219000000,-11.9593550148702
10219100000,-11.8503197313081
10219200000,-11.5406907105139
10219300000,-11.4622298349147
10219400000,-11.4231955997055
10219500000,-12.1502444805465
10219600000,-11.8223753367358
10219700000,-11.7684978511405
10219800000,-11.9541359004714
10219900000,-12.0326962681105
10220000000,-11.7902982989818
10220100000,-11.8925670406477
10220200000,-12.0825508725716
10220300000,-11.7044657078772
10220400000,-11.4696474100401
10220500000,-11.839512298504
10220600000,-11.8964293004455
10220700000,-11.4675061498703
10220800000,-12.1347002450632
10220900000,-12.0077168377696
10221000000,-11.8413386817249
10221100000,-11.6395995297679
10221200000,-11.4988581957641
10221300000,-11.5887064513455
10221400000,-11.4526881755039
10221500000,-11.9175329925876
10221600000,-12.1093058606229
10221700000,-12.0236426410191
10221800000,-11.8149128151991
10221900000,-12.0380112178703
10222000000,-12.0517981280594
10222100000,-11.5113059136266
10222200000,-12.043518422795
10222300000,-11.9561741785501
10222400000,-11.6314899294905
10222500000,-11.8900027844535
10222600000,-12.0535819354928
10222700000,-11.9888660907828
10222800000,-11.4571783645281
10222900000,-11.765083265777
10223000000,-11.5088151412969
10223100000,-11.5688817103909
10223200000,-11.3543321507376
10223300000,-11.7665667337225
10223400000,-11.8630269530951
10223500000,-12.0544891106117
10223600000,-11.4075591500025
10223700000,-11.54192067861
10223800000,-11.3777317373437
10223900000,-11.6139201168738
10224000000,-11.56313031131
10224100000,-11.6907886068786
10224200000,-12.1863572415981
10224300000,-11.8021488943745
10224400000,-11.3295602986986
10224500000,-12.0349944033534
10224600000,-11.7208975856509
10224700000,-11.9858504872216
10224800000,-11.9391512077167
10224900000,-11.4971568004797
10225000000,-12.0761563430871
10225100000,-11.9282558265006
10225200000,-11.8883520110476
10225300000,-12.1354326400088
10225400000,-11.8037822364205
10225500000,-12.0797162334739
10225600000,-11.2997388536466
10225700000,-11.6075106644818
10225800000,-11.7892416395831
10225900000,-12.0526160114532
10226000000,-11.4708230175923
10226100000,-11.8128616938512
10226200000,-11.6205701263016
10226300000,-12.1088375261779
10226400000,-12.0232641270047
10226500000,-11.984152751844
10226600000,-12.2617817122862
10226700000,-11.8560258310509
10226800000,-11.5778700983111
10226900000,-11.6194653179424
10227000000,-11.6537712390074
10227100000,-11.2903620414832
10227200000,-11.6506612398764
10227300000,-11.9261200707973
10227400000,-11.5857999801363
10227500000,-11.7991521371111
10227600000,-12.0561366037015
10227700000,-12.1881842508284
10227800000,-11.5752425977018
10227900000,-11.7605445706771
10228000000,-11.8758788695666
10228100000,-11.9725821897357
10228200000,-11.8632746827577
10228300000,-11.9022627989932
10228400000,-12.0130527457811
10228500000,-12.0135266401212
10228600000,-11.5672930976777
10228700000,-11.5460700931023
10228800000,-11.6349792547433
10228900000,-11.8769035512343
10229000000,-11.6603159756582
10229100000,-12.0319563919818
10229200000,-12.0975768032415
10229300000,-11.9029460502746
10229400000,-11.779179695136
10229500000,-12.1264955805087
10229600000,-11.6290926968131
10229700000,-11.5099743238394
10229800000,-11.6670489242773
10229900000,-11.9563301738721
10230000000,-11.7614650617982
10230100000,-11.7243525631499
10230200000,-11.911913719903
10230300000,-12.3087865661117
10230400000,-11.6342192562446
10230500000,-11.3863022338016
10230600000,-11.6964368998913
10230700000,-11.6685949097036
10230800000,-11.8172124084961
10230900000,-11.9030052741705
10231000000,-11.8446872706775
10231100000,-11.6714409129889
10231200000,-11.8075415914308
10231300000,-12.1845349458225
10231400000,-11.9455567493151
10231500000,-11.9337501654247
10231600000,-11.8692822148349
10231700000,-11.9641658389745
10231800000,-12.0946286800757
10231900000,-11.4336181578672
10232000000,-11.833103686433
10232100000,-11.8359132396288
10232200000,-11.9269203233946
10232300000,-11.819436944537
10232400000,-11.6609134427933
10232500000,-11.8386961819721
10232600000,-11.8512296609957
10232700000,-12.2701201301485
10232800000,-11.7167375967798
10232900000,-12.5249488526067
10233000000,-12.2466765114787
10233100000,-12.1993728267051
10233200000,-12.3303737908684
10233300000,-12.0586322393232
10233400000,-11.9752066052263
10233500000,-12.0461645975292
10233600000,-11.5903654459648
10233700000,-11.6313083231842
10233800000,-11.8661523772169
10233900000,-12.202807428256
10234000000,-11.7279120556804
10234100000,-12.2254374094505
10234200000,-11.7354313268043
10234300000,-11.9188993348431
10234400000,-12.5014360303616
10234500000,-11.9134606397631
10234600000,-12.2493107048443
10234700000,-11.9119631964878
10234800000,-11.8455252295459
10234900000,-12.1498119139141
10235000000,-11.8109666175443
10235100000,-12.0959167539524
10235200000,-11.9046694516484
10235300000,-12.0716848357542
10235400000,-12.2123714299667
10235500000,-11.8582315034904
10235600000,-11.4625223778783
10235700000,-12.0690481533748
10235800000,-12.2779942260593
10235900000,-11.7623324934234
10236000000,-11.8908240017297
10236100000,-11.7244728995025
10236200000,-12.0502053452748
10236300000,-12.0278826867719
10236400000,-12.4681146895478
10236500000,-12.006946696579
10236600000,-12.1826364013979
10236700000,-12.2146082448027
10236800000,-11.7822935154857
10236900000,-12.2745097208501
10237000000,-12.1011094883286
10237100000,-11.8492533848065
10237200000,-12.1682557297768
10237300000,-11.7455922690379
10237400000,-11.8133307318634
10237500000,-12.2642167985053
10237600000,-11.9614057891371
10237700000,-12.074580640534
10237800000,-12.1494450419261
10237900000,-12.1745050179092
10238000000,-12.4147148835722
10238100000,-11.7788337568019
10238200000,-12.7854805114082
10238300000,-12.1628938960312
10238400000,-11.9217541592156
10238500000,-11.9842542897864
10238600000,-11.9787360464072
10238700000,-12.3910368978103
10238800000,-12.0719313337601
10238900000,-12.5556323204419
10239000000,-12.6493516438023
10239100000,-12.1848661055797
10239200000,-12.1591339826544
10239300000,-12.0415415991323
10239400000,-12.1375533225302
10239500000,-12.3064888754655
10239600000,-12.6850947711558
10239700000,-12.2733930031595
10239800000,-12.175827924204
10239900000,-11.9836031282121
10240000000,-12.4145040941608
10240100000,-12.2312507923514
10240200000,-12.2976555790065
10240300000,-12.3183475583836
10240400000,-12.168721041459
10240500000,-12.6576720142591
10240600000,-12.383154577805
10240700000,-12.6959026946146
10240800000,-12.9770767998383
10240900000,-12.4999590027022
10241000000,-12.6208413049527
10241100000,-12.3102621840419
10241200000,-12.7076023059955
10241300000,-12.4447506071734
10241400000,-12.1930062289241
10241500000,-12.7141609344632
10241600000,-12.7245115287017
10241700000,-12.3500263638678
10241800000,-12.5861774012154
10241900000,-12.253113447197
10242000000,-12.0585507040515
10242100000,-12.2343728013916
10242200000,-12.5521537746822
10242300000,-12.2790724765892
10242400000,-12.6014262381648
10242500000,-12.1284276413751
10242600000,-12.2226241444024
10242700000,-12.4390497358712
10242800000,-12.0246677474977
10242900000,-12.4027157752804
10243000000,-13.0664120231771
10243100000,-12.4992426458616
10243200000,-11.9383091136967
10243300000,-12.1188773939156
10243400000,-12.6533419621854
10243500000,-12.2673694812948
10243600000,-12.5274397283966
10243700000,-12.7229765808518
10243800000,-12.1877751663827
10243900000,-12.0851636320506
10244000000,-12.3651406097817
10244100000,-12.0804258278885
10244200000,-12.3735029344007
10244300000,-12.4523874552095
10244400000,-12.389893138734
10244500000,-12.6506091270908
10244600000,-12.70679895516
10244700000,-12.3065046413254
10244800000,-12.261080769206
10244900000,-12.3228519705112
10245000000,-12.3863811751986
10245100000,-12.7679635681714
10245200000,-12.6698843318211
10245300000,-12.47618447678
10245400000,-12.4242425583206
10245500000,-12.3796208423102
10245600000,-12.3446318160138
10245700000,-12.2038955746483
10245800000,-12.5636558681592
10245900000,-12.7154669146671
10246000000,-12.4987200083867
10246100000,-12.2843528928035
10246200000,-12.346375860934
10246300000,-12.702452956403
10246400000,-12.5104538573115
10246500000,-12.1528666279964
10246600000,-12.4989383900159
10246700000,-12.4146995865263
10246800000,-12.4608263520819
10246900000,-12.3805465928186
10247000000,-12.2236357565115
10247100000,-12.801402934418
10247200000,-12.397917308457
10247300000,-12.7599336042204
10247400000,-12.5394196251629
10247500000,-12.5039865485575
10247600000,-12.1387540605905
10247700000,-12.265262083581
10247800000,-12.1620843138762
10247900000,-12.7235090531588
10248000000,-12.3200868960066
10248100000,-12.3166764916694
10248200000,-12.4835230532963
10248300000,-12.801384554861
10248400000,-12.4087503923617
10248500000,-12.8471243621292
10248600000,-12.5398545931796
10248700000,-12.1803728283683
10248800000,-12.1538608612826
10248900000,-12.6723644715254
10249000000,-12.4925850085431
10249100000,-13.0802030416636
10249200000,-12.373400796932
10249300000,-12.8172259893088
10249400000,-13.1522976791996
10249500000,-12.7450265540681
10249600000,-12.7949064834054
10249700000,-12.4588812865109
10249800000,-12.7506385072463
10249900000,-12.7614693564621
10250000000,-13.1493281231149
10250100000,-12.3217193156543
10250200000,-12.5706131949431
10250300000,-12.4475338151568
10250400000,-12.3538164610318
10250500000,-12.361163523485
10250600000,-12.93553012018
10250700000,-12.6449552752976
10250800000,-12.6131486585861
10250900000,-12.4825590115167
10251000000,-12.5060143494426
10251100000,-12.4785891650034
10251200000,-12.8256675587043
10251300000,-12.9968370957321
10251400000,-12.7536000906268
10251500000,-12.7386589830501
10251600000,-13.0664244842117
10251700000,-12.4998526749972
10251800000,-12.7184872393955
10251900000,-12.7045498140757
10252000000,-12.4004786996631
10252100000,-12.554649535096
10252200000,-12.3661109382043
10252300000,-12.7642612512465
10252400000,-12.5583149252283
10252500000,-13.113465705887
10252600000,-12.3685656352253
10252700000,-12.9741837881916
10252800000,-12.6033477136505
10252900000,-12.4351326647698
10253000000,-12.8662867930696
10253100000,-12.548077390131
10253200000,-12.7286870331417
10253300000,-12.8363205336505
10253400000,-12.5945955867046
10253500000,-12.5770997574229
10253600000,-12.6953189106337
10253700000,-12.5475596643615
10253800000,-12.8636527063509
10253900000,-13.1101699522948
10254000000,-12.672166138983
10254100000,-12.4590509724098
10254200000,-12.5592793823761
10254300000,-12.6794598264805
10254400000,-12.5717193703757
10254500000,-12.4425488497672
10254600000,-12.6447130078349
10254700000,-12.8000049754165
10254800000,-12.6873556915672
10254900000,-12.4962962724925
10255000000,-12.6779916254322
10255100000,-12.3135542045078
10255200000,-12.6948565338756
10255300000,-12.7089518307201
10255400000,-12.4250980550379
10255500000,-12.8406766241388
10255600000,-12.4886655397764
10255700000,-12.8801524960325
10255800000,-13.0275165641616
10255900000,-12.4452354960447
10256000000,-12.4001705413665
10256100000,-13.0634783650441
10256200000,-12.7421487075664
10256300000,-12.9840513436659
10256400000,-12.8328224224223
10256500000,-12.6039790713637
10256600000,-13.0955037667071
10256700000,-12.4215490693449
10256800000,-12.1597446139501
10256900000,-12.8902372792699
10257000000,-12.9703687707355
10257100000,-12.7491260484874
10257200000,-12.6925844179276
10257300000,-12.7006857149246
10257400000,-13.0332954618485
10257500000,-13.2626872035058
10257600000,-12.5871053622533
10257700000,-12.83575912225
10257800000,-12.8914537250777
10257900000,-13.096901711825
10258000000,-12.9639309457376
10258100000,-12.5227995234549
10258200000,-12.6007492172633
10258300000,-12.6669997875433
10258400000,-12.8829660072047
10258500000,-13.1654761169566
10258600000,-13.2100598208145
10258700000,-12.5765034740497
10258800000,-13.0688651886935
10258900000,-13.4620115121169
10259000000,-12.4150526179022
10259100000,-12.8400759674557
10259200000,-12.9779765123286
10259300000,-12.6592722180232
10259400000,-12.6880508386323
10259500000,-12.7559303623332
10259600000,-12.6562596951677
10259700000,-13.0727022840172
10259800000,-12.9860022491102
10259900000,-12.9573650322342
10260000000,-12.7883055264553
10260100000,-13.2182090724521
10260200000,-12.7733090325464
10260300000,-13.085739041844
10260400000,-12.6737564157051
10260500000,-12.9350164189352
10260600000,-13.4079380112656
10260700000,-12.2880151398208
10260800000,-12.6278519196847
10260900000,-13.0591030814492
10261000000,-12.7864229385068
10261100000,-13.1611692592001
10261200000,-13.093078247007
10261300000,-12.4824652150009
10261400000,-12.7267434244524
10261500000,-13.5594081211489
10261600000,-13.4045383677085
10261700000,-12.9344377217098
10261800000,-12.9191914918078
10261900000,-13.2591389339316
10262000000,-12.8649824851537
10262100000,-12.5800785598349
10262200000,-12.7561693513306
10262300000,-13.0183291369846
10262400000,-13.1459706964049
10262500000,-13.1937488148158
10262600000,-13.3387535808988
10262700000,-13.0235259385785
10262800000,-12.8950558691489
10262900000,-12.4462248853038
10263000000,-13.1248083678445
10263100000,-13.1870665065503
10263200000,-12.5938029827572
10263300000,-13.2236893219023
10263400000,-13.2283031838742
10263500000,-13.2404459024424
10263600000,-13.3485241134005
10263700000,-13.3965756195562
10263800000,-13.1041694143972
10263900000,-13.1481538985351
10264000000,-13.1018019131351
10264100000,-13.6776708837327
10264200000,-13.120855630847
10264300000,-13.1879086351091
10264400000,-13.381729766292
10264500000,-12.8356781555119
10264600000,-12.8293932592658
10264700000,-13.1134663287091
10264800000,-13.0852432666672
10264900000,-13.4324731132361
10265000000,-13.7725540991244
10265100000,-12.9367215543293
10265200000,-13.2384704754067
10265300000,-12.9045949453198
10265400000,-13.3012047012586
10265500000,-13.0945106333915
10265600000,-13.1032146296225
10265700000,-12.9523561947363
10265800000,-12.8210207440272
10265900000,-12.9395422946155
10266000000,-12.8070553037618
10266100000,-13.5379838380759
10266200000,-12.8988036283699
10266300000,-12.9650346723695
10266400000,-13.5229520009264
10266500000,-12.9227793769543
10266600000,-12.9479943519992
10266700000,-12.8681092878667
10266800000,-13.1006453445251
10266900000,-13.4724699045541
10267000000,-12.8276216823049
10267100000,-13.1327435751302
10267200000,-13.5481066838013
10267300000,-12.3569308216396
10267400000,-12.7442774901762
10267500000,-13.3252723637821
10267600000,-13.1430745789201
10267700000,-13.0471397859689
10267800000,-13.5531655050901
10267900000,-13.1533561700612
10268000000,-13.4004010984593
10268100000,-12.6352559499844
10268200000,-13.452544728585
10268300000,-13.0419777632727
10268400000,-13.0895109763838
10268500000,-12.9782705384075
10268600000,-13.103590607856
10268700000,-13.3819719167858
10268800000,-13.8805957899604
10268900000,-13.2222276321088
10269000000,-13.1078381277205
10269100000,-12.963809797788
10269200000,-13.24658037665
10269300000,-13.142558394803
10269400000,-13.0376401522124
10269500000,-13.1048028451719
10269600000,-12.8819794580617
10269700000,-13.1316895820164
10269800000,-13.1252763559578
10269900000,-13.340587512873
10270000000,-12.9531770810755
10270100000,-12.8549420780163
10270200000,-13.3962139038725
10270300000,-13.3303899452844
10270400000,-13.4199354493483
10270500000,-13.3166994105745
10270600000,-12.9436174361038
10270700000,-13.2576331764746
10270800000,-12.9514696049991
10270900000,-13.6798407190958
10271000000,-13.3590367101486
10271100000,-13.6128256388283
10271200000,-12.9679366089141
10271300000,-13.2815649097532
10271400000,-13.5703981914606
10271500000,-13.1051454146569
10271600000,-13.3940990878706
10271700000,-13.7527849089982
10271800000,-13.5262920344677
10271900000,-13.261789254071
10272000000,-13.1188301282957
10272100000,-13.3631185990763
10272200000,-13.2212429586323
10272300000,-13.1230338078666
10272400000,-13.4222231769142
10272500000,-12.9364526403961
10272600000,-12.8535443841571
10272700000,-13.3970166356363
10272800000,-13.2947974769133
10272900000,-13.2019567703979
10273000000,-12.8354615448912
10273100000,-13.0669114093525
10273200000,-12.9218606121663
10273300000,-12.8893993258543
10273400000,-13.4533177991698
10273500000,-13.1035599845139
10273600000,-13.5322033398247
10273700000,-13.4933846951943
10273800000,-13.0713725287661
10273900000,-13.5230420650328
10274000000,-12.674867041442
10274100000,-13.0470010328013
10274200000,-13.1348256685446
10274300000,-13.0431953670988
10274400000,-13.487962539372
10274500000,-13.0551972825267
10274600000,-13.1310922032466
10274700000,-12.8822354770486
10274800000,-13.1765037630657
10274900000,-12.7365254544003
10275000000,-12.6978045518057
10275100000,-12.8511415034093
10275200000,-13.3251716995385
10275300000,-13.1914927040155
10275400000,-13.1122758729944
10275500000,-13.4141440227399
10275600000,-13.4738135064826
10275700000,-13.2656135964077
10275800000,-13.2132539528775
10275900000,-12.9279104671778
10276000000,-13.7251995584134
10276100000,-13.4679102092873
10276200000,-13.1178097869103
10276300000,-13.3121601803749
10276400000,-12.8763879516501
10276500000,-13.673423956055
10276600000,-12.9827710733312
10276700000,-13.2149215655633
10276800000,-13.4966889197375
10276900000,-13.0379181200792
10277000000,-13.3641942760005
10277100000,-13.6654664191385
10277200000,-13.9051142925765
10277300000,-13.1696972147928
10277400000,-13.5491899242022
10277500000,-13.5000209558673
10277600000,-13.2756345025675
10277700000,-13.1082058663784
10277800000,-12.9421515823179
10277900000,-12.8903994230846
10278000000,-13.6308255856528
10278100000,-13.0909208585643
10278200000,-12.9687173558477
10278300000,-13.131913790699
10278400000,-13.3492958837369
10278500000,-13.3111660633258
10278600000,-13.2966113820657
10278700000,-13.4264972702905
10278800000,-13.6759365401605
10278900000,-13.0825009724783
10279000000,-13.1967028988851
10279100000,-13.436367517926
10279200000,-12.988663848709
10279300000,-12.9760747825121
10279400000,-13.6844802635021
10279500000,-13.3430467707309
10279600000,-13.3910342812719
10279700000,-13.6847609433322
10279800000,-13.6345357152365
10279900000,-13.5523032194237
10280000000,-13.5750656157404
10280100000,-13.3726190717267
10280200000,-13.4508474245435
10280300000,-13.7979015995904
10280400000,-13.3799540537358
10280500000,-13.1945296898492
10280600000,-13.7477702373502
10280700000,-13.4782904399357
10280800000,-13.5961525901676
10280900000,-13.2067348012388
10281000000,-13.0006278685933
10281100000,-13.62690251629
10281200000,-13.619355678487
10281300000,-13.4047318192272
10281400000,-13.450111402816
10281500000,-13.3428043219614
10281600000,-13.9946968130183
10281700000,-13.392815116586
10281800000,-13.5545278786087
10281900000,-13.6963431798476
10282000000,-12.9578979515058
10282100000,-13.9281805518847
10282200000,-13.4766896482331
10282300000,-13.5531615470717
10282400000,-14.0224048909411
10282500000,-13.5763017037438
10282600000,-14.0408756401482
10282700000,-13.7866494655182
10282800000,-13.5687555314575
10282900000,-14.1862926611603
10283000000,-13.9050168949286
10283100000,-14.2561029212393
10283200000,-14.398155507118
10283300000,-14.2314890335075
10283400000,-13.8301242747876
10283500000,-13.5333534236331
10283600000,-14.1333967745619
10283700000,-13.757948216465
10283800000,-13.8884783986846
10283900000,-13.7452768328984
10284000000,-13.731552992006
10284100000,-13.9154131687753
10284200000,-13.6767859087353
10284300000,-14.1001520944848
10284400000,-14.0588744258848
10284500000,-13.9266516636186
10284600000,-14.1599231994799
10284700000,-13.8578081845304
10284800000,-13.901913686073
10284900000,-14.06425584553
10285000000,-14.6825448184983
10285100000,-13.8998037088109
10285200000,-14.0319895690367
10285300000,-14.1416517625326
10285400000,-14.4325931992788
10285500000,-14.1297092084736
10285600000,-14.0478729868275
10285700000,-14.579250920517
10285800000,-14.2457023969042
10285900000,-14.4915881752841
10286000000,-14.3296145503192
10286100000,-14.2893652037213
10286200000,-14.1551112271517
10286300000,-14.1787091312429
10286400000,-13.9316079365054
10286500000,-14.0577482022912
10286600000,-14.6133967001552
10286700000,-14.028640976736
10286800000,-13.9926726354329
10286900000,-13.9789593705362
10287000000,-14.197135518391
10287100000,-14.65169859597
10287200000,-14.6593961136966
10287300000,-14.384872721149
10287400000,-13.9989122837159
10287500000,-14.6418618310222
10287600000,-13.9770002766897
10287700000,-14.2955184813028
10287800000,-14.1791236836441
10287900000,-14.5161049100292
10288000000,-14.1087173213147
10288100000,-13.9449405153345
10288200000,-14.0579964322962
10288300000,-14.4020207314153
10288400000,-14.175888997246
10288500000,-14.1459001318618
10288600000,-14.5843818180256
10288700000,-14.0827789446575
10288800000,-14.1074875775373
10288900000,-14.0216101955329
10289000000,-14.3318801415206
10289100000,-14.1444104909119
10289200000,-14.3720597451873
10289300000,-14.5100237845256
10289400000,-13.8206089386064
10289500000,-14.3230515982416
10289600000,-14.344424928662
10289700000,-14.6752656969463
10289800000,-14.5293876467942
10289900000,-13.9372965502065
10290000000,-14.5317713142907
10290100000,-14.7373289151093
10290200000,-14.6071924872096
10290300000,-13.9560425936339
10290400000,-14.1892438219413
10290500000,-14.2217108036416
10290600000,-13.8953649864913
10290700000,-14.2830508961575
10290800000,-14.0016037511323
10290900000,-14.4722403394956
10291000000,-14.6087043014515
10291100000,-14.1663541108409
10291200000,-14.9045250818547
10291300000,-14.3167005328909
10291400000,-14.3254964882046
10291500000,-14.4000422189176
10291600000,-14.6506933838284
10291700000,-14.1408714789117
10291800000,-14.6796466025075
10291900000,-14.4648032796391
10292000000,-13.9735661675497
10292100000,-14.4215105265228
10292200000,-14.1961616127513
10292300000,-14.8543236846637
10292400000,-14.9114088120176
10292500000,-14.4530362924176
10292600000,-14.7790669426276
10292700000,-14.2292810962548
10292800000,-14.0953568725234
10292900000,-14.6499641183457
10293000000,-14.2596873284273
10293100000,-14.4460485268228
10293200000,-14.1075640869743
10293300000,-14.5213553286919
10293400000,-14.2280618804434
10293500000,-14.4607390786952
10293600000,-14.2588143686607
10293700000,-14.9250194897418
10293800000,-14.8108081520794
10293900000,-14.4010383250027
10294000000,-14.1416751003076
10294100000,-14.3736288235735
10294200000,-14.5897410273509
10294300000,-13.941724492685
10294400000,-14.0629145439799
10294500000,-14.582849154806
10294600000,-14.1959101216998
10294700000,-14.5225065418378
10294800000,-15.6083108004002
10294900000,-14.1189073092052
10295000000,-14.4116342156202
10295100000,-14.6955796145861
10295200000,-14.8368410541075
10295300000,-14.3425351061621
10295400000,-14.3329097422288
10295500000,-15.1738365028624
10295600000,-14.3264738341837
10295700000,-14.4926160521218
10295800000,-14.3952719593808
10295900000,-14.1995001197922
10296000000,-14.159828461901
10296100000,-14.4016405231354
10296200000,-14.4929918044463
10296300000,-14.8757951439502
10296400000,-14.2735071511915
10296500000,-14.3647859940249
10296600000,-14.728536211247
10296700000,-14.7997729305826
10296800000,-14.1299552630614
10296900000,-14.4493034236073
10297000000,-14.3893607729392
10297100000,-14.5399188965986
10297200000,-14.1872355005504
10297300000,-14.1842455092232
10297400000,-14.3461712459976
10297500000,-14.8234708511804
10297600000,-14.9500808888074
10297700000,-13.8625560127327
10297800000,-14.1845975907448
10297900000,-14.8900575835967
10298000000,-14.2617384611307
10298100000,-14.5117595296665
10298200000,-14.5234373875345
10298300000,-14.8132833837808
10298400000,-14.707574517449
10298500000,-13.9992575383662
10298600000,-13.9536390451434
10298700000,-14.4847749719559
10298800000,-14.1036247877414
10298900000,-14.6858327448177
10299000000,-14.0097010569681
10299100000,-14.5981864067879
10299200000,-14.6468739221603
10299300000,-14.3849832228321
10299400000,-13.934280255154
10299500000,-14.4903544644975
10299600000,-14.5730917174186
10299700000,-13.7525674047951
10299800000,-14.3192293747467
10299900000,-14.731440053921
10300000000,-14.9500855836356
10300100000,-14.5655221686839
10300200000,-14.432319967989
10300300000,-14.2877914536643
10300400000,-14.4289649219272
10300500000,-14.0067928086256
10300600000,-14.3484927522712
10300700000,-14.5142227234712
10300800000,-14.0747039005456
10300900000,-14.8234668874104
10301000000,-14.2558156120249
10301100000,-14.1011474035165
10301200000,-14.253820024491
10301300000,-14.057100399464
10301400000,-14.8582244598296
10301500000,-14.3668293343919
10301600000,-13.892534734039
10301700000,-14.0589385275234
10301800000,-14.6573876464725
10301900000,-14.0215286935808
10302000000,-14.3740756653308
10302100000,-14.5156055588597
10302200000,-14.1930003669101
10302300000,-14.2636329132739
10302400000,-14.298781719197
10302500000,-13.7434049285942
10302600000,-14.5838723790849
10302700000,-14.0426198969439
10302800000,-14.4721288300327
10302900000,-13.9803285378415
10303000000,-14.3180750160149
10303100000,-13.4120985067463
10303200000,-14.0135364592022
10303300000,-14.0764207710141
10303400000,-15.1401169125934
10303500000,-13.9346037970507
10303600000,-14.3084927477455
10303700000,-14.576308184622
10303800000,-14.395365588586
10303900000,-14.3124229188101
10304000000,-14.6019632923687
10304100000,-14.1861321833922
10304200000,-14.2388875260767
10304300000,-14.2874730410852
10304400000,-14.5947747415916
10304500000,-14.5118556431855
10304600000,-14.3043211006401
10304700000,-14.3564340498986
10304800000,-14.497074609306
10304900000,-14.0986178078732
10305000000,-14.8070918687069
10305100000,-13.9950027746152
10305200000,-14.5979848284194
10305300000,-14.3775417044353
10305400000,-14.0119665457238
10305500000,-14.5958453218663
10305600000,-14.8695999747857
10305700000,-14.4834967882347
10305800000,-14.1691766650879
10305900000,-14.7888505152921
10306000000,-14.166062908865
10306100000,-14.7748290296663
10306200000,-14.5303045160891
10306300000,-14.8897234274219
10306400000,-14.6030342436925
10306500000,-13.74659593164
10306600000,-14.2160311125872
10306700000,-14.2981275517101
10306800000,-14.5588759546052
10306900000,-14.7901667586667
10307000000,-14.1018330509705
10307100000,-14.0161454886532
10307200000,-14.4567760476339
10307300000,-14.4487578965362
10307400000,-14.6060503891394
10307500000,-14.6413888024515
10307600000,-14.5468118971929
10307700000,-15.0591244158041
10307800000,-14.5378319908575
10307900000,-14.4390404269521
10308000000,-14.36551358315
10308100000,-13.9980506012901
10308200000,-14.8734600551732
10308300000,-14.2250384920031
10308400000,-14.6115192299991
10308500000,-14.4977338970052
10308600000,-13.9860664950754
10308700000,-14.2382476877488
10308800000,-14.4455170363931
10308900000,-14.2470109181765
10309000000,-14.6037962391936
10309100000,-14.9404527779099
10309200000,-14.4203138767474
10309300000,-14.6144182899144
10309400000,-14.9257641684089
10309500000,-15.0030628972183
10309600000,-14.0841762099754
10309700000,-14.7750101929402
10309800000,-14.0886764281871
10309900000,-14.7392284583053
10310000000,-14.2912357502856
10310100000,-14.5045367996564
10310200000,-14.2917793296014
10310300000,-13.9558335566833
10310400000,-15.1454109118957
10310500000,-14.4301792354762
10310600000,-14.2314493906938
10310700000,-14.0170187332104
10310800000,-14.292759385889
10310900000,-14.1015664056102
10311000000,-14.6529837677349
10311100000,-13.9470191217647
10311200000,-15.167132552355
10311300000,-14.9732492651955
10311400000,-15.0904397199818
10311500000,-14.7024597695711
10311600000,-15.1679812417876
10311700000,-13.9901243356742
10311800000,-14.9358584355132
10311900000,-15.0171289148269
10312000000,-14.6278909102168
10312100000,-15.018324747388
10312200000,-14.1986268707642
10312300000,-14.8922154905599
10312400000,-14.830037729989
10312500000,-14.9001565298414
10312600000,-14.7549362588858
10312700000,-14.5640967919497
10312800000,-14.7987752312924
10312900000,-14.8184573722056
10313000000,-14.5040122611559
10313100000,-14.8191498064914
10313200000,-14.7069618802286
10313300000,-14.6844218494852
10313400000,-14.6407736299838
10313500000,-15.2346906046827
10313600000,-13.9386850830388
10313700000,-14.6878983472382
10313800000,-15.1223318330392
10313900000,-14.3187388099949
10314000000,-14.1996552735593
10314100000,-14.511354916108
10314200000,-14.7164040338337
10314300000,-14.8074879895317
10314400000,-14.9823950365913
10314500000,-15.2168711935835
10314600000,-14.42732364776
10314700000,-14.9363741512118
10314800000,-14.6927231018414
10314900000,-15.0638436273784
10315000000,-15.1798125307203
10315100000,-14.7098421712854
10315200000,-14.9439637016993
10315300000,-14.8288842591078
10315400000,-14.7434245244555
10315500000,-14.7688301205671
10315600000,-15.3195186775489
10315700000,-14.7943376493162
10315800000,-15.05327541731
10315900000,-14.8922541371399
10316000000,-15.0221470868179
10316100000,-14.9726298586976
10316200000,-14.7456699041599
10316300000,-13.9139141147716
10316400000,-14.3355231735282
10316500000,-14.829739761191
10316600000,-15.0000561069211
10316700000,-14.9471068083311
10316800000,-14.5222551749011
10316900000,-14.2714973261427
10317000000,-14.6056686299128
10317100000,-14.6119849248578
10317200000,-14.8339246885807
10317300000,-14.4876980400223
10317400000,-14.6724097193017
10317500000,-14.6449240549428
10317600000,-14.8094981101642
10317700000,-15.3331732159315
10317800000,-14.0779412462539
10317900000,-14.3003950004208
10318000000,-14.3038315291603
10318100000,-14.4764257316486
10318200000,-14.9202152671205
10318300000,-14.6586892002216
10318400000,-15.0788499901445
10318500000,-14.5106596333698
10318600000,-15.1193118119663
10318700000,-14.4412079851073
10318800000,-13.9104681859128
10318900000,-14.7766992872886
10319000000,-14.8811747170524
10319100000,-15.0049442631267
10319200000,-14.3158309646142
10319300000,-14.4217283117219
10319400000,-14.8624594953103
10319500000,-14.2577330311792
10319600000,-14.8214919767525
10319700000,-14.769230392501
10319800000,-14.6158153133938
10319900000,-14.5878081981714
10320000000,-14.5751619985405
10320100000,-14.5030181392711
10320200000,-14.1970633708277
10320300000,-14.2931326734093
10320400000,-14.203440485013
10320500000,-14.4986994456904
10320600000,-14.6279097545388
10320700000,-14.342966569971
10320800000,-14.3318953861069
10320900000,-14.3478338595389
10321000000,-14.9418546945985
10321100000,-14.8868300520343
10321200000,-14.2337116614363
10321300000,-14.014853874752
10321400000,-14.4163069268332
10321500000,-13.8672895111262
10321600000,-14.6826112815493
10321700000,-14.4947683090888
10321800000,-14.1471217059078
10321900000,-14.2270248718188
10322000000,-13.8095378156282
10322100000,-14.6142290803218
10322200000,-14.182594779702
10322300000,-14.0123158292097
10322400000,-14.7020747664568
10322500000,-14.3240537884112
10322600000,-13.7674128728087
10322700000,-14.6312568256322
10322800000,-14.7809609849089
10322900000,-13.9606036531308
10323000000,-14.4214686896536
10323100000,-14.2770196792739
10323200000,-14.0010845380608
10323300000,-13.9843821862844
10323400000,-14.0345562919706
10323500000,-14.1412838659621
10323600000,-14.1855070981931
10323700000,-14.1108723498542
10323800000,-13.5957793742641
10323900000,-14.1204720217543
10324000000,-13.9819126479214
10324100000,-13.6674918770056
10324200000,-14.1908342645492
10324300000,-13.641216537059
10324400000,-13.6251159279335
10324500000,-13.5067759873754
10324600000,-13.6581767285655
10324700000,-13.5750418290181
10324800000,-13.8817067349377
10324900000,-13.9732989822904
10325000000,-14.0593993283273
10325100000,-13.8973246078888
10325200000,-13.8788894827709
10325300000,-14.3392136685727
10325400000,-13.4833167388017
10325500000,-14.0526124748753
10325600000,-13.33008396679
10325700000,-13.5967784315563
10325800000,-13.6210562111773
10325900000,-13.4329319652885
10326000000,-13.6331796782555
10326100000,-13.7965191263811
10326200000,-14.1209331705371
10326300000,-13.8526092219498
10326400000,-13.4926777954324
10326500000,-13.7797320605187
10326600000,-14.099181013944
10326700000,-13.8129811923205
10326800000,-13.717534419949
10326900000,-14.250944975819
10327000000,-13.7491593155793
10327100000,-13.5622513278592
10327200000,-13.3044214587589
10327300000,-13.042168651243
10327400000,-13.6391537950614
10327500000,-13.4577734993904
10327600000,-13.9410095039002
10327700000,-12.8028790345835
10327800000,-13.3575901152391
10327900000,-13.4418780279291
10328000000,-13.1946865314353
10328100000,-13.6911865734496
10328200000,-13.4265971352523
10328300000,-13.6386155549331
10328400000,-13.5597193137026
10328500000,-13.7176853441941
10328600000,-12.9390350501198
10328700000,-13.6285585253407
10328800000,-13.4844323822185
10328900000,-13.1797825418794
10329000000,-12.9806624252553
10329100000,-12.9318986607944
10329200000,-13.4848405910138
10329300000,-13.3315606125392
10329400000,-13.6342613777423
10329500000,-13.3657065447642
10329600000,-12.84282880328
10329700000,-13.5581997036926
10329800000,-13.2668917310839
10329900000,-13.2811294740461
10330000000,-13.0727282371673
10330100000,-13.4734053897487
10330200000,-13.3832432471068
10330300000,-13.2335224827036
10330400000,-13.2714696328948
10330500000,-13.139785619468
10330600000,-13.2016630169559
10330700000,-13.307863983813
10330800000,-13.2354558685829
10330900000,-13.3923637477734
10331000000,-13.151928755607
10331100000,-13.4246300543979
10331200000,-13.0602641337961
10331300000,-13.348488965454
10331400000,-13.5474364336037
10331500000,-13.3170336782812
10331600000,-13.0168060513405
10331700000,-12.8675039280361
10331800000,-13.1391920829321
10331900000,-13.1204020905272
10332000000,-12.9740718765076
10332100000,-13.1027853505365
10332200000,-13.0140857736077
10332300000,-12.957766079026
10332400000,-12.9952082874169
10332500000,-13.212390645692
10332600000,-13.3284271408114
10332700000,-13.2433579325733
10332800000,-12.7784777235866
10332900000,-12.7725331783729
10333000000,-13.1371324312263
10333100000,-13.1134331946773
10333200000,-13.2404513210909
10333300000,-13.1863648774279
10333400000,-13.1617806884179
10333500000,-12.8170170495684
10333600000,-12.8081727354138
10333700000,-12.9471098104967
10333800000,-12.6355966987942
10333900000,-12.7354913227732
10334000000,-12.9104248800098
10334100000,-13.016869425403
10334200000,-12.8439865963054
10334300000,-12.9681699979627
10334400000,-13.3767489410092
10334500000,-12.5811088381858
10334600000,-13.3187683963709
10334700000,-12.9996593885423
10334800000,-13.0132270828785
10334900000,-12.2758999639637
10335000000,-12.6538514569383
10335100000,-13.1616932587554
10335200000,-13.5731052102893
10335300000,-12.9701529056998
10335400000,-13.334049201653
10335500000,-13.0188890648924
10335600000,-12.53392921644
10335700000,-13.0009001752642
10335800000,-12.5287332127774
10335900000,-12.9600944923737
10336000000,-12.925279778405
10336100000,-13.4723454497443
10336200000,-12.6340458282668
10336300000,-13.1001931720616
10336400000,-13.0812053954147
10336500000,-13.0255223640648
10336600000,-13.15740355818
10336700000,-12.7955793366089
10336800000,-12.4251286986586
10336900000,-12.5680413579726
10337000000,-13.0615569397663
10337100000,-12.9430608419375
10337200000,-12.5904575447904
10337300000,-12.4789833514596
10337400000,-13.289550692509
10337500000,-13.1140508660082
10337600000,-12.9425033985644
10337700000,-13.0171336427731
10337800000,-12.8922262164001
10337900000,-13.2836760671217
10338000000,-12.9498970626284
10338100000,-12.2721423323101
10338200000,-12.8671069325522
10338300000,-13.1286226251349
10338400000,-12.7376214663732
10338500000,-13.0147442313453
10338600000,-12.7426775177871
10338700000,-12.8001566736346
10338800000,-12.5746936262818
10338900000,-12.9834759970278
10339000000,-13.3436372877332
10339100000,-12.7949925310528
10339200000,-13.1187109532079
10339300000,-12.9912306288533
10339400000,-12.8568404662674
10339500000,-12.3747338980644
10339600000,-12.9984400574556
10339700000,-13.0207180184623
10339800000,-13.1331247946702
10339900000,-12.6503409222763
10340000000,-13.1191622811958
10340100000,-13.0384399225972
10340200000,-12.6562771138876
10340300000,-13.122492555397
10340400000,-12.8608660925715
10340500000,-12.9921706466496
10340600000,-13.001641013307
10340700000,-12.629501896998
10340800000,-12.2738742918274
10340900000,-12.8567113927563
10341000000,-12.816679382362
10341100000,-13.0445670690587
10341200000,-12.6684129629842
10341300000,-12.8927744380434
10341400000,-12.8722121917848
10341500000,-12.5700954153491
10341600000,-12.7953294304625
10341700000,-13.0836146353913
10341800000,-12.4844733720612
10341900000,-12.7587001111117
10342000000,-12.533815531893
10342100000,-12.5515411646411
10342200000,-12.6231885033929
10342300000,-13.6153088571135
10342400000,-12.9691825182459
10342500000,-12.5461330844689
10342600000,-13.0038766006253
10342700000,-12.6640129517286
10342800000,-12.8928498843371
10342900000,-12.4973599336512
10343000000,-12.7958535023526
10343100000,-12.3736066822558
10343200000,-12.8759632242458
10343300000,-13.193581387244
10343400000,-12.7210002964167
10343500000,-12.7829635282021
10343600000,-12.8736871912982
10343700000,-12.6599795986916
10343800000,-12.8683778757174
10343900000,-12.6789406776229
10344000000,-12.3647801196135
10344100000,-12.6282769342906
10344200000,-12.7357475098975
10344300000,-13.2625519183085
10344400000,-12.7981326833213
10344500000,-12.4071417531166
10344600000,-12.6257667421576
10344700000,-12.6397207952869
10344800000,-12.1935363417778
10344900000,-12.358434956707
10345000000,-13.4379681668611
10345100000,-12.3599039918121
10345200000,-12.8068666297164
10345300000,-12.9396956592898
10345400000,-12.0187451404912
10345500000,-12.4497042792293
10345600000,-12.4177822512093
10345700000,-12.6792768772221
10345800000,-12.337887443085
10345900000,-12.6653338510346
10346000000,-12.26445117124
10346100000,-12.7980927499049
10346200000,-12.0184314316823
10346300000,-12.7510811568336
10346400000,-12.6942051183056
10346500000,-12.3598204681632
10346600000,-12.714132921698
10346700000,-12.2186696128097
10346800000,-12.2374837111289
10346900000,-12.2240487814274
10347000000,-12.6942867150515
10347100000,-12.4478266513218
10347200000,-12.5086693797609
10347300000,-12.5542458386113
10347400000,-12.1933946083336
10347500000,-12.5932401017561
10347600000,-12.8655619327766
10347700000,-12.5070062188595
10347800000,-12.6377327687195
10347900000,-12.4484276153857
10348000000,-12.6778575484702
10348100000,-12.4284457544913
10348200000,-12.1050853508448
10348300000,-12.2604445763325
10348400000,-12.5031245402077
10348500000,-12.0464000936848
10348600000,-12.2147653630461
10348700000,-12.7045796842096
10348800000,-12.4816622305731
10348900000,-12.3117281583747
10349000000,-12.5082931203595
10349100000,-12.3788689633041
10349200000,-12.3972494107183
10349300000,-12.4704691038689
10349400000,-12.1317323330097
10349500000,-12.1237568422163
10349600000,-12.3572975049197
10349700000,-12.3833203392362
10349800000,-12.4607738406852
10349900000,-12.5608673980922
10350000000,-12.1323523167502
10350100000,-12.1569800718341
10350200000,-12.5422036128895
10350300000,-12.5840074049487
10350400000,-12.358731689182
10350500000,-12.369825618583
10350600000,-12.0489658416559
10350700000,-12.3133213334738
10350800000,-12.2558100869346
10350900000,-12.5749037140112
10351000000,-11.9605982013525
10351100000,-12.5327124962144
10351200000,-12.4610923917899
10351300000,-12.4714826465712
10351400000,-12.2553963146806
10351500000,-12.1918593057629
10351600000,-12.3702789900136
10351700000,-12.7417767882868
10351800000,-12.010679183481
10351900000,-12.2827368179847
10352000000,-12.8406933298213
10352100000,-12.2170240275972
10352200000,-11.9558872107134
10352300000,-12.3656723432483
10352400000,-12.4131807523459
10352500000,-12.5684706126144
10352600000,-12.1872521466289
10352700000,-12.1056583470519
10352800000,-12.4648371043567
10352900000,-12.4549998053983
10353000000,-12.5126369935573
10353100000,-11.9278752695537
10353200000,-11.9390134711446
10353300000,-11.7714609059314
10353400000,-12.32095347766
10353500000,-12.2502523731986
10353600000,-11.6713701587063
10353700000,-12.2653395661979
10353800000,-12.5337681420295
10353900000,-12.25099588553
10354000000,-11.9531298683641
10354100000,-12.1462877300686
10354200000,-11.7663344556318
10354300000,-12.115238220581
10354400000,-12.4796865099452
10354500000,-12.0958492662499
10354600000,-12.6270215521973
10354700000,-12.0599952900012
10354800000,-12.7730018007419
10354900000,-12.0617695687666
10355000000,-11.9674778417581
10355100000,-12.2566560922473
10355200000,-11.947987711325
10355300000,-12.3044830336461
10355400000,-12.3115651094411
10355500000,-12.379253298511
10355600000,-11.7221679228934
10355700000,-11.9488492010821
10355800000,-12.1960969232138
10355900000,-11.7031314951602
10356000000,-12.38207495743
10356100000,-12.4172208309034
10356200000,-12.3215015180545
10356300000,-12.2958205873452
10356400000,-12.4469963634088
10356500000,-12.719915000513
10356600000,-12.4328702178303
10356700000,-12.3323679737304
10356800000,-11.92481030944
10356900000,-11.9410640872292
10357000000,-12.3450056098086
10357100000,-12.1204552184074
10357200000,-12.5565802552552
10357300000,-12.3600545902447
10357400000,-12.2959161180078
10357500000,-12.3460774014033
10357600000,-11.8723560268674
10357700000,-12.2174115755158
10357800000,-12.0775522643303
10357900000,-12.6454267426658
10358000000,-12.2613680701113
10358100000,-12.2812737482117
10358200000,-11.8022850149802
10358300000,-12.0078029090529
10358400000,-12.1501627119098
10358500000,-12.5817487949166
10358600000,-12.4760328637624
10358700000,-12.1502831254221
10358800000,-12.4513780325802
10358900000,-12.0422284848104
10359000000,-12.1538739101629
10359100000,-12.3141600252545
10359200000,-12.0437747501068
10359300000,-12.3249101769554
10359400000,-12.3928436579088
10359500000,-12.1396104420597
10359600000,-11.9663234796588
10359700000,-12.0893983255283
10359800000,-12.1580038304755
10359900000,-12.2940707622548
10360000000,-12.5255580034649
10360100000,-12.1539203080664
10360200000,-11.9649231710379
10360300000,-12.1696244638843
10360400000,-12.3626420046855
10360500000,-12.1755306394701
10360600000,-12.7211566924281
10360700000,-12.2971624526248
10360800000,-12.271652274506
10360900000,-12.1861146522313
10361000000,-12.2621736417928
10361100000,-12.1087707705963
10361200000,-12.213355260339
10361300000,-12.329555795307
10361400000,-12.4646680786159
10361500000,-12.3245844914634
10361600000,-11.9501003980953
10361700000,-12.3800261878231
10361800000,-12.4101690161523
10361900000,-12.1903773871864
10362000000,-12.0183043622873
10362100000,-12.0440067784189
10362200000,-12.3306549350589
10362300000,-12.3996985884473
10362400000,-12.2890632966271
10362500000,-11.7861084227646
10362600000,-11.9976610611915
10362700000,-12.6751352887769
10362800000,-11.8611381068674
10362900000,-12.1396057923453
10363000000,-11.9223476991901
10363100000,-12.4841828542893
10363200000,-11.8829490681797
10363300000,-12.2883027420079
10363400000,-11.865430484562
10363500000,-12.5611455726921
10363600000,-12.2804619888781
10363700000,-12.0934234579334
10363800000,-11.9981388176118
10363900000,-12.0359992736798
10364000000,-12.2460919707757
10364100000,-12.1026983802182
10364200000,-12.3407180060608
10364300000,-12.0889715570079
10364400000,-12.6905527647127
10364500000,-12.1481066974952
10364600000,-12.1135623068195
10364700000,-12.2338279913979
10364800000,-12.201990339072
10364900000,-12.1752659114847
10365000000,-12.3878292992665
10365100000,-12.0125854067183
10365200000,-12.6405002864268
10365300000,-12.3079000131716
10365400000,-12.331201197324
10365500000,-12.120048148851
10365600000,-12.2690407465878
10365700000,-12.5629817057243
10365800000,-12.1225563821592
10365900000,-12.0907089358725
10366000000,-11.9762629032574
10366100000,-12.4401762474818
10366200000,-11.6892048262808
10366300000,-12.3899357823717
10366400000,-11.8634172622555
10366500000,-12.834443611748
10366600000,-12.169010682313
10366700000,-12.0985432759216
10366800000,-12.2816812842792
10366900000,-12.0117831107951
10367000000,-11.3962870021211
10367100000,-11.806782582627
10367200000,-11.6865850555674
10367300000,-12.3199096166393
10367400000,-12.1226134346654
10367500000,-12.3714770192364
10367600000,-12.4414641622609
10367700000,-11.9986812800526
10367800000,-12.0761003285567
10367900000,-12.3609816068228
10368000000,-12.2834331965891
10368100000,-12.2310477244601
10368200000,-12.2956378518298
10368300000,-12.3998049480313
10368400000,-12.2235321628328
10368500000,-12.2727685612592
10368600000,-11.9543113526578
10368700000,-12.3060005879401
10368800000,-12.3192031380765
10368900000,-11.7951283434635
10369000000,-12.3269300826565
10369100000,-12.0001148634935
10369200000,-12.2934549859663
10369300000,-11.9482128399173
10369400000,-12.5652416407095
10369500000,-11.8897729830424
10369600000,-12.6043607590383
10369700000,-11.9416292361013
10369800000,-12.2066632651257
10369900000,-12.1607596946197
10370000000,-12.1960208603224
10370100000,-12.0207568423867
10370200000,-11.8806745375803
10370300000,-11.7995465621088
10370400000,-11.929830133709
10370500000,-12.5736673639374
10370600000,-12.3668271690507
10370700000,-11.8421674402653
10370800000,-11.9170782275248
10370900000,-12.2075445609434
10371000000,-12.0752508409369
10371100000,-11.9565543228943
10371200000,-11.7325870103724
10371300000,-12.0159669426996
10371400000,-11.8613919768339
10371500000,-11.7662326781892
10371600000,-12.2014908274312
10371700000,-12.3113294933596
10371800000,-11.6021742772242
10371900000,-11.6054773944688
10372000000,-11.7728017197352
10372100000,-11.8463494646256
10372200000,-11.8406157515542
10372300000,-12.1196481861934
10372400000,-11.8780044090654
10372500000,-12.4337816950012
10372600000,-12.514824344532
10372700000,-11.9898480465662
10372800000,-11.8236631551081
10372900000,-12.3928257376449
10373000000,-12.1454366734816
10373100000,-11.9846730843817
10373200000,-12.1142346975449
10373300000,-11.8959617041927
10373400000,-11.9080382095899
10373500000,-12.3534601414129
10373600000,-11.9098597276118
10373700000,-12.3100576185449
10373800000,-11.5221789120793
10373900000,-11.9939364259356
10374000000,-11.8616947542601
10374100000,-12.1523895564873
10374200000,-12.1461567210277
10374300000,-12.2886340056604
10374400000,-11.6879359027451
10374500000,-11.8511738060645
10374600000,-11.4939266850679
10374700000,-11.8080424021179
10374800000,-12.2312248287496
10374900000,-11.8071665309216
10375000000,-11.7569277549323
10375100000,-11.7160364780414
10375200000,-11.9489288005015
10375300000,-11.7312095892621
10375400000,-12.0206646565884
10375500000,-11.7044136022688
10375600000,-12.0389638682944
10375700000,-11.9180542379252
10375800000,-11.557013535422
10375900000,-11.833139785218
10376000000,-12.0106121933458
10376100000,-11.9065733251516
10376200000,-11.6553103329652
10376300000,-11.3983279593173
10376400000,-12.2297000515342
10376500000,-11.792434989856
10376600000,-11.7469882420041
10376700000,-11.9172382451312
10376800000,-11.7021798126761
10376900000,-11.9284180333088
10377000000,-11.998297190755
10377100000,-12.0087647092066
10377200000,-11.4984158006734
10377300000,-11.9110186344548
10377400000,-11.7628695580894
10377500000,-11.5803758830596
10377600000,-11.8359268895975
10377700000,-11.7247721353725
10377800000,-11.8260037745771
10377900000,-11.9076961841157
10378000000,-11.9162730138041
10378100000,-11.797682665338
10378200000,-12.0131178847861
10378300000,-11.8934224213905
10378400000,-11.5791794397699
10378500000,-11.7944108991553
10378600000,-11.7933627531147
10378700000,-11.7744079410188
10378800000,-11.911540979833
10378900000,-12.2500149512062
10379000000,-11.7367967470447
10379100000,-11.8901214718832
10379200000,-11.7910517284512
10379300000,-11.9757393176893
10379400000,-12.4618724743761
10379500000,-12.4242113123466
10379600000,-12.0979479827827
10379700000,-11.978511961008
10379800000,-11.9597537962178
10379900000,-11.6569810550989
10380000000,-11.8171059950982
10380100000,-12.0618723059961
10380200000,-11.8863829586732
10380300000,-11.9701032184903
10380400000,-12.8102713729045
10380500000,-11.5385901369547
10380600000,-11.3776872986189
10380700000,-11.8541052294481
10380800000,-11.6689007966751
10380900000,-12.2856147250206
10381000000,-11.4024363324051
10381100000,-12.0414376587941
10381200000,-11.9194300960382
10381300000,-11.5452164332155
10381400000,-11.9077106827186
10381500000,-11.2451342128515
10381600000,-11.6946932419893
10381700000,-12.1700541241424
10381800000,-11.632893960372
10381900000,-11.2961920947022
10382000000,-12.1465889568451
10382100000,-11.8997478093214
10382200000,-11.3098907074347
10382300000,-11.4830391754849
10382400000,-11.8997197912672
10382500000,-12.0017379852526
10382600000,-11.5571330064235
10382700000,-11.6512647508228
10382800000,-11.7851265037412
10382900000,-11.8710736864661
10383000000,-11.830153150681
10383100000,-11.7392305745392
10383200000,-11.5173593185699
10383300000,-11.5418617719964
10383400000,-11.8470328169425
10383500000,-12.0118546752147
10383600000,-11.515787889784
10383700000,-12.0532757452685
10383800000,-11.7049783395359
10383900000,-11.6413089975466
10384000000,-11.505643195406
10384100000,-11.8319363691643
10384200000,-11.9784916373416
10384300000,-11.4290669958908
10384400000,-11.5314197535327
10384500000,-11.5961860205659
10384600000,-11.8149325873384
10384700000,-11.5222709661211
10384800000,-12.1294314570177
10384900000,-11.5247854425279
10385000000,-11.3055447269065
10385100000,-11.6899408792172
10385200000,-11.6460307251669
10385300000,-11.7757873947843
10385400000,-11.621059436334
10385500000,-11.8685690397232
10385600000,-11.6959735646475
10385700000,-11.6288447429559
10385800000,-11.5295747853016
10385900000,-11.7522962281675
10386000000,-11.7349646288095
10386100000,-12.01365509913
10386200000,-11.5175282500685
10386300000,-11.7481578185712
10386400000,-11.6476009800621
10386500000,-11.8150293676955
10386600000,-11.8582593258945
10386700000,-11.8642925244983
10386800000,-11.7641036945554
10386900000,-11.6183044268168
10387000000,-11.6540971322986
10387100000,-12.0917746882911
10387200000,-11.4816066962935
10387300000,-11.9166231969303
10387400000,-11.5907163920916
10387500000,-12.0194016657528
10387600000,-11.7021783643743
10387700000,-11.8918922511049
10387800000,-11.5754599267086
10387900000,-11.8624255177772
10388000000,-11.8336113931455
10388100000,-11.6015601681526
10388200000,-11.7144111295318
10388300000,-11.9310743975026
10388400000,-11.787881851559
10388500000,-11.7077420910291
10388600000,-11.9362780528519
10388700000,-11.7907914550402
10388800000,-11.7887685291956
10388900000,-11.5103281152556
10389000000,-11.9501706428785
10389100000,-11.5652294107775
10389200000,-12.0381694222661
10389300000,-12.4626047029025
10389400000,-12.0054382491491
10389500000,-11.8392157221595
10389600000,-12.2234837746153
10389700000,-11.3538471964825
10389800000,-12.0081348581429
10389900000,-11.8330829495364
10390000000,-11.4423391831256
10390100000,-11.7763529028018
10390200000,-12.0762962482125
10390300000,-11.6543728821341
10390400000,-11.8517439115908
10390500000,-11.7050221172427
10390600000,-11.7379762253021
10390700000,-12.5066704749485
10390800000,-11.9670746827132
10390900000,-11.7145928766829
10391000000,-11.8138107129642
10391100000,-12.2058344229734
10391200000,-12.0102757074652
10391300000,-12.0954009288532
10391400000,-11.5102424916264
10391500000,-11.7401657489598
10391600000,-12.2093565500459
10391700000,-12.0093203468765
10391800000,-11.8526429433988
10391900000,-11.9911105150657
10392000000,-12.0728620221114
10392100000,-12.1231496900541
10392200000,-12.0204205100953
10392300000,-12.0423349789518
10392400000,-12.3988639632423
10392500000,-11.8778920487335
10392600000,-11.9630203129584
10392700000,-11.8880222721629
10392800000,-11.9342552152284
10392900000,-12.0469094802135
10393000000,-12.0852033766741
10393100000,-12.3698111547123
10393200000,-11.7449995473713
10393300000,-12.2916154442991
10393400000,-11.7141325790287
10393500000,-12.0268636989521
10393600000,-11.7027060621872
10393700000,-11.7663904270419
10393800000,-12.0325157640898
10393900000,-11.8631984988569
10394000000,-12.0028062304755
10394100000,-12.0041425196205
10394200000,-12.2757883344145
10394300000,-12.3833483269346
10394400000,-12.0015229041489
10394500000,-12.0529516376405
10394600000,-11.9359502353579
10394700000,-11.4377724384069
10394800000,-11.702376457477
10394900000,-11.8324821208466
10395000000,-11.8180309596132
10395100000,-11.9896059076634
10395200000,-11.6502140410166
10395300000,-11.8777186681248
10395400000,-12.217454580739
10395500000,-11.8788393659759
10395600000,-11.7644869631348
10395700000,-11.9982450761165
10395800000,-12.0873110722025
10395900000,-12.0202531191576
10396000000,-11.826803752183
10396100000,-11.8482365675659
10396200000,-12.1080477348327
10396300000,-11.8648095129886
10396400000,-12.0349528211313
10396500000,-11.9282480381364
10396600000,-11.604461517115
10396700000,-12.0880922318514
10396800000,-12.0871127183698
10396900000,-11.9221955204452
10397000000,-12.0210061835961
10397100000,-12.259268742224
10397200000,-11.9577072515301
10397300000,-11.9002949900931
10397400000,-12.2480121569804
10397500000,-12.188434105867
10397600000,-12.3876627918344
10397700000,-11.4968741454489
10397800000,-12.3730006600694
10397900000,-11.8824966550071
10398000000,-11.6230129609879
10398100000,-11.9229893562236
10398200000,-12.047772809191
10398300000,-12.2294845420204
10398400000,-11.6135553737659
10398500000,-11.9808212777648
10398600000,-11.9263727604179
10398700000,-11.898021957776
10398800000,-11.9105552338356
10398900000,-11.8198479212165
10399000000,-12.2711575435859
10399100000,-12.1619384365061
10399200000,-11.8158014942539
10399300000,-12.2037192283952
10399400000,-12.1626893201821
10399500000,-11.9997312161198
10399600000,-12.1055259100997
10399700000,-12.012659431142
10399800000,-12.018864090134
10399900000,-11.9699646993306
10400000000,-12.3096295359952
10400100000,-11.8147118576319
10400200000,-11.8453172042368
10400300000,-11.8912939448336
10400400000,-12.1661279981262
10400500000,-12.1202849064556
10400600000,-11.859935434992
10400700000,-12.0917297930512
10400800000,-11.3893050467449
10400900000,-12.3590153644042
10401000000,-12.0448392034984
10401100000,-11.8114832244046
10401200000,-12.0617008314056
10401300000,-11.9974779246792
10401400000,-12.1310661669737
10401500000,-11.6843011075253
10401600000,-11.4896867203428
10401700000,-11.876024014377
10401800000,-11.7952211009993
10401900000,-12.0508831702596
10402000000,-11.8899840118717
10402100000,-12.5531361582129
10402200000,-12.1428502715685
10402300000,-12.0371976056332
10402400000,-12.1433068672625
10402500000,-12.169411430324
10402600000,-12.2855491865312
10402700000,-12.062095820888
10402800000,-12.0801314327872
10402900000,-12.3752795666727
10403000000,-12.425417919318
10403100000,-11.4292529458566
10403200000,-12.1411123485233
10403300000,-12.1433199728467
10403400000,-12.1999139488289
10403500000,-12.0291598451265
10403600000,-12.2090052852943
10403700000,-12.5864585670444
10403800000,-12.2445137546229
10403900000,-12.3326257142772
10404000000,-11.9895041786616
10404100000,-12.2990194499158
10404200000,-11.5067440898406
10404300000,-12.3373397535842
10404400000,-12.3129436051523
10404500000,-11.9183429686368
10404600000,-12.1041248440907
10404700000,-11.9601455820009
10404800000,-12.428449626737
10404900000,-11.7069307839775
10405000000,-11.9198681413322
10405100000,-11.7881742997006
10405200000,-12.1952301143526
10405300000,-11.8436407557128
10405400000,-12.3292019374537
10405500000,-11.9501391530291
10405600000,-11.9537265090973
10405700000,-12.2291660001911
10405800000,-12.4228709833128
10405900000,-12.3563844932799
10406000000,-12.0663708461688
10406100000,-12.1837571884731
10406200000,-11.9183749294077
10406300000,-12.2411181660927
10406400000,-12.5298795301602
10406500000,-12.2489992478605
10406600000,-11.9247617836253
10406700000,-11.9523100065506
10406800000,-12.1143831652793
10406900000,-12.3321132206679
10407000000,-12.2194055123201
10407100000,-12.0407004838224
10407200000,-11.9820252546303
10407300000,-11.8875659276079
10407400000,-11.5440941445199
10407500000,-12.5117169288682
10407600000,-12.1523248605461
10407700000,-12.386464047214
10407800000,-12.014489881042
10407900000,-12.0469692926844
10408000000,-12.3112493565269
10408100000,-12.3521575628375
10408200000,-12.629009132568
10408300000,-12.1649454811336
10408400000,-12.0490621183416
10408500000,-12.354296331245
10408600000,-12.2482047428724
10408700000,-12.1336697226046
10408800000,-11.9000582928905
10408900000,-12.2879153324716
10409000000,-12.0219464668572
10409100000,-12.3426054194591
10409200000,-11.8243887135582
10409300000,-12.5574607961961
10409400000,-12.3187930976961
10409500000,-12.5124019625674
10409600000,-12.6543429136587
10409700000,-12.1352701870434
10409800000,-12.0126884217749
10409900000,-12.4820483256759
10410000000,-12.600006833048
10410100000,-12.1247125578237
10410200000,-12.0884800042007
10410300000,-12.3282895486823
10410400000,-12.3036916659871
10410500000,-12.31029633585
10410600000,-12.455685673701
10410700000,-12.3726297153271
10410800000,-12.3488929193504
10410900000,-12.2924093539894
10411000000,-12.3528206216287
10411100000,-12.2491776952253
10411200000,-12.4576559326349
10411300000,-12.1774288025371
10411400000,-12.3991771804742
10411500000,-13.0346096179987
10411600000,-12.2478692263959
10411700000,-12.1729147036031
10411800000,-12.4738838059098
10411900000,-12.3471253041782
10412000000,-12.6750580561142
10412100000,-12.4798161479907
10412200000,-12.4697782664186
10412300000,-12.1948328789636
10412400000,-12.7101833066812
10412500000,-12.7265552511897
10412600000,-12.7989932877317
10412700000,-12.2982748473606
10412800000,-12.7316873475864
10412900000,-12.4813693406573
10413000000,-12.2670947201172
10413100000,-12.7518119587018
10413200000,-12.8981831618541
10413300000,-12.3769992338617
10413400000,-12.9580768836345
10413500000,-12.4221721948871
10413600000,-12.574429411307
10413700000,-12.8365608329963
10413800000,-12.4328690736386
10413900000,-12.8470687444115
10414000000,-12.9760506935372
10414100000,-12.4191857941484
10414200000,-12.5425587419932
10414300000,-12.6482395220636
10414400000,-13.3484706764419
10414500000,-12.6257452636063
10414600000,-13.0801779772996
10414700000,-12.7506274708997
10414800000,-12.6255801055288
10414900000,-12.4160407442111
10415000000,-12.3820783708528
10415100000,-12.2934542401318
10415200000,-12.4932487069959
10415300000,-12.666442622216
10415400000,-12.3674333393515
10415500000,-13.1077748081466
10415600000,-12.9043792242934
10415700000,-13.0993961578623
10415800000,-12.743062366489
10415900000,-13.4957527048595
10416000000,-13.1410876212608
10416100000,-12.8738744777722
10416200000,-12.215712574988
10416300000,-13.1506058798002
10416400000,-13.085878223831
10416500000,-13.4130391393536
10416600000,-12.9540314484899
10416700000,-13.0439974054382
10416800000,-13.0462197623582
10416900000,-13.0336576008493
10417000000,-12.760279344533
10417100000,-12.9847750069018
10417200000,-12.8816871006062
10417300000,-12.9809184921647
10417400000,-12.9719090634298
10417500000,-13.1338396475323
10417600000,-13.1327667891155
10417700000,-13.0849502572167
10417800000,-12.7871508657551
10417900000,-13.1790902170057
10418000000,-12.7014440936169
10418100000,-13.0511327832126
10418200000,-12.91611156314
10418300000,-13.4528919157953
10418400000,-13.1197041568666
10418500000,-13.5515995245547
10418600000,-13.1653856871598
10418700000,-13.2847495206882
10418800000,-13.5508861258876
10418900000,-13.029385177729
10419000000,-13.3698503682565
10419100000,-12.9298109818594
10419200000,-13.0268604680893
10419300000,-13.2104986731173
10419400000,-13.1549718659892
10419500000,-13.2296295615465
10419600000,-13.0746968731762
10419700000,-13.2230719207555
10419800000,-13.2333486593474
10419900000,-13.3927991739027
10420000000,-12.475808540281
10420100000,-13.9810256003475
10420200000,-13.3980197255034
10420300000,-12.9509939389644
10420400000,-13.6583909738903
10420500000,-13.2015466082694
10420600000,-13.7571231336097
10420700000,-13.7395385358098
10420800000,-13.2917412597445
10420900000,-13.7692184888463
10421000000,-13.2907034392103
10421100000,-13.6136588785756
10421200000,-14.0220440022056
10421300000,-13.3124599089511
10421400000,-13.3041431546228
10421500000,-13.5577975961711
10421600000,-13.5511705772195
10421700000,-13.5443257805026
10421800000,-13.28852197701
10421900000,-14.0386589720137
10422000000,-13.3891855543808
10422100000,-13.4422975308336
10422200000,-13.2197187609224
10422300000,-13.3875693640695
10422400000,-13.1948728511421
10422500000,-13.0475078827736
10422600000,-13.4111676819161
10422700000,-13.6050045595115
10422800000,-13.8058102190423
10422900000,-13.58065404489
10423000000,-13.6114725036929
10423100000,-13.759064920818
10423200000,-13.20918881854
10423300000,-13.2336883260222
10423400000,-13.3852585807815
10423500000,-13.3018364515238
10423600000,-14.0573125055527
10423700000,-13.5156961456187
10423800000,-13.4790219625995
10423900000,-13.7606621519994
10424000000,-13.3187425297684
10424100000,-13.3248808453511
10424200000,-13.4811432384597
10424300000,-13.4930312639773
10424400000,-14.1140674121724
10424500000,-13.9766403544799
10424600000,-14.1508123789889
10424700000,-14.0682218605786
10424800000,-13.6021707377208
10424900000,-13.3893164250102
10425000000,-13.2540099565838
10425100000,-14.3601031336188
10425200000,-13.594280672085
10425300000,-13.6739297017105
10425400000,-13.4633326058959
10425500000,-14.1238704222921
10425600000,-13.5919645330118
10425700000,-13.8381869085348
10425800000,-13.8143990819053
10425900000,-14.0382778443026
10426000000,-13.4535418785069
10426100000,-13.4546079087978
10426200000,-13.6084404755351
10426300000,-14.2238908331304
10426400000,-13.8097914067423
10426500000,-13.2380945561213
10426600000,-13.9899565013982
10426700000,-13.6858933722476
10426800000,-14.0107918232649
10426900000,-13.7966279088552
10427000000,-13.5336731669771
10427100000,-13.69703090844
10427200000,-13.8041137903771
10427300000,-13.8683845774743
10427400000,-13.916870748062
10427500000,-13.7355844511258
10427600000,-13.5877176846569
10427700000,-13.4285817982246
10427800000,-13.9131818095384
10427900000,-13.988505777661
10428000000,-13.8572785141727
10428100000,-13.7752899342908
10428200000,-13.634305785347
10428300000,-13.3834076734642
10428400000,-14.0478933256776
10428500000,-13.8713815717795
10428600000,-13.9542358265522
10428700000,-13.813166468026
10428800000,-14.4294162435246
10428900000,-14.1834176687459
10429000000,-13.8152666324297
10429100000,-13.8100630754632
10429200000,-13.5429692368603
10429300000,-13.9993543646738
10429400000,-13.9051971373212
10429500000,-14.04186632683
10429600000,-13.6458165148491
10429700000,-13.8773935622612
10429800000,-13.6015462892262
10429900000,-14.0053229103844
10430000000,-13.6520744873922
10430100000,-13.6184203349952
10430200000,-13.7736108951195
10430300000,-13.3165731797109
10430400000,-13.6496030755259
10430500000,-14.0508208806442
10430600000,-14.0258059316631
10430700000,-13.6759023607853
10430800000,-13.535274599392
10430900000,-13.8888483601542
10431000000,-14.0738888606297
10431100000,-13.2861646017528
10431200000,-13.2864375954601
10431300000,-14.0934779362157
10431400000,-13.9691791248552
10431500000,-14.2144644321893
10431600000,-13.7489610333106
10431700000,-14.1234716723286
10431800000,-13.5401397879807
10431900000,-13.8427285328342
10432000000,-13.4901158703931
10432100000,-14.0774825316907
10432200000,-13.7618553304036
10432300000,-13.086062682875
10432400000,-14.0396840396516
10432500000,-13.7824253427521
10432600000,-13.2445058672179
10432700000,-13.5882965674762
10432800000,-13.4280015586703
10432900000,-13.5217537321297
10433000000,-13.5756173542813
10433100000,-13.7753378418107
10433200000,-13.808277478671
10433300000,-13.2045251613082
10433400000,-13.5199835234409
10433500000,-13.6173940473123
10433600000,-13.1256624365129
10433700000,-13.6988002668765
10433800000,-13.9361493157879
10433900000,-13.9824430825578
10434000000,-13.8460986943839
10434100000,-13.6830154016923
10434200000,-13.3258854498269
10434300000,-13.7020533380268
10434400000,-13.8091704567387
10434500000,-13.323960649513
10434600000,-13.4334895915059
10434700000,-13.7710830728221
10434800000,-13.0421392002849
10434900000,-13.3829546303551
10435000000,-14.1186625858552
10435100000,-13.672433051242
10435200000,-14.0587801472625
10435300000,-13.6292135393764
10435400000,-13.3813473523985
10435500000,-14.0619637859519
10435600000,-13.613626448433
10435700000,-12.9690837645917
10435800000,-14.2912747312238
10435900000,-12.9858956975218
10436000000,-13.3083925007874
10436100000,-13.1554226153334
10436200000,-13.0852814427847
10436300000,-13.5473004913383
10436400000,-13.0369413865291
10436500000,-13.9149338232771
10436600000,-13.4999252360031
10436700000,-14.0270243898161
10436800000,-13.5137028500334
10436900000,-13.4134987658016
10437000000,-13.7708854917186
10437100000,-13.184506003798
10437200000,-13.2771874969533
10437300000,-12.9257057947404
10437400000,-13.1328500004719
10437500000,-13.728703565183
10437600000,-13.9554228193479
10437700000,-13.0943700444469
10437800000,-13.0491524498131
10437900000,-13.1948604708945
10438000000,-13.1410523544093
10438100000,-13.0482053750991
10438200000,-12.7844200670611
10438300000,-12.9051632926646
10438400000,-13.6332618068216
10438500000,-13.251525158718
10438600000,-13.4855886736109
10438700000,-13.616115139055
10438800000,-12.8019834105186
10438900000,-13.6778757054994
10439000000,-13.1172241739928
10439100000,-13.5869313092353
10439200000,-12.8106058908493
10439300000,-12.9615755584316
10439400000,-12.9341913719587
10439500000,-12.9537304292096
10439600000,-13.0512477896937
10439700000,-13.4005838335404
10439800000,-13.3525890783005
10439900000,-13.6598541806328
10440000000,-13.36620286902
10440100000,-13.2379346989123
10440200000,-13.8908031277614
10440300000,-13.4697751527294
10440400000,-13.4375061128938
10440500000,-13.2558495244377
10440600000,-13.3458371037596
10440700000,-14.4163061110799
10440800000,-13.0490612677201
10440900000,-13.1646701520493
10441000000,-12.8395973682496
10441100000,-13.3803108281703
10441200000,-13.5221429222833
10441300000,-14.0124171761155
10441400000,-14.2330747151905
10441500000,-13.0938036301517
10441600000,-13.2412337222248
10441700000,-13.7838264546752
10441800000,-13.2403726276091
10441900000,-13.5571720720351
10442000000,-13.1913674799064
10442100000,-13.3135655937895
10442200000,-13.4577808176223
10442300000,-13.2055810691403
10442400000,-13.5036964008265
10442500000,-13.5652117445908
10442600000,-13.5706160738129
10442700000,-13.8677273569107
10442800000,-13.3528310981589
10442900000,-13.4563915030163
10443000000,-13.0513129719542
10443100000,-13.3857023951536
10443200000,-13.1266908219232
10443300000,-13.1560007205028
10443400000,-13.3834345116615
10443500000,-13.7895464691039
10443600000,-13.2729799594046
10443700000,-13.2965693063223
10443800000,-13.5001040055829
10443900000,-13.1623859764114
10444000000,-13.3019936976419
10444100000,-13.7372592617122
10444200000,-13.652659765939
10444300000,-13.1999588379402
10444400000,-13.6270358767661
10444500000,-13.8154213303123
10444600000,-14.2127833535021
10444700000,-13.1629948138039
10444800000,-13.502521816733
10444900000,-13.5988808941514
10445000000,-13.5492506491753
10445100000,-13.3639813725925
10445200000,-13.3368553777808
10445300000,-13.3257055781218
10445400000,-13.381405455752
10445500000,-14.0569799151975
10445600000,-13.3110373068246
10445700000,-13.2018913444845
10445800000,-13.5973716665307
10445900000,-13.6905755768181
10446000000,-13.7414099127251
10446100000,-13.7394260715985
10446200000,-13.9777326529806
10446300000,-13.3399767302562
10446400000,-13.5897089727685
10446500000,-13.6979497590454
10446600000,-13.6778365373189
10446700000,-13.5837476381674
10446800000,-13.3756349063278
10446900000,-12.9282891665999
10447000000,-13.6465057809041
10447100000,-13.5444008140234
10447200000,-13.9808567943532
10447300000,-13.5582337169885
10447400000,-13.3041144555532
10447500000,-13.7732675391302
10447600000,-13.7174234006777
10447700000,-13.255137159752
10447800000,-13.6566602284036
10447900000,-13.6623387069719
10448000000,-14.1371186993712
10448100000,-13.2722983441352
10448200000,-13.7535311950895
10448300000,-13.3967907850493
10448400000,-13.8990313675203
10448500000,-13.6949280715898
10448600000,-13.4865821778193
10448700000,-13.8356151446377
10448800000,-14.304584883174
10448900000,-13.474695663578
10449000000,-13.5214502846866
10449100000,-13.6843883784966
10449200000,-13.3097660744236
10449300000,-13.4300256688671
10449400000,-13.2104958224273
10449500000,-12.9191773581575
10449600000,-13.1605281794625
10449700000,-13.2589500103701
10449800000,-14.1777140862564
10449900000,-13.8021674637236
10450000000,-13.8380709991155
10450100000,-13.2471012570477
10450200000,-13.1940153793673
10450300000,-13.5047389403948
10450400000,-14.1498330568362
10450500000,-13.2244513489721
10450600000,-13.1581319438332
10450700000,-13.4611567771551
10450800000,-13.7534330420006
10450900000,-13.3671488314286
10451000000,-13.6819562430568
10451100000,-13.0763503781533
10451200000,-13.7140199050296
10451300000,-13.1476932787214
10451400000,-13.6804162857529
10451500000,-13.2773794208569
10451600000,-13.5148590875184
10451700000,-13.4930605855585
10451800000,-13.162342582886
10451900000,-13.746698887473
10452000000,-13.5165551088107
10452100000,-14.0414507702526
10452200000,-13.6306485439576
10452300000,-13.089821809373
10452400000,-13.4954458889768
10452500000,-13.3541241008726
10452600000,-14.0341706637737
10452700000,-12.869206822798
10452800000,-13.2988089406673
10452900000,-13.2300977266108
10453000000,-13.8452568895308
10453100000,-13.6192818479225
10453200000,-13.4196354682993
10453300000,-13.5005614641602
10453400000,-13.1408837415612
10453500000,-13.1717766845035
10453600000,-13.286933238344
10453700000,-13.3988254586169
10453800000,-13.6914259551951
10453900000,-13.3670699725483
10454000000,-13.2107586960772
10454100000,-12.9425733896655
10454200000,-13.5544123401119
10454300000,-13.2185172198635
10454400000,-13.2894979539492
10454500000,-13.2149489207178
10454600000,-13.0163980249637
10454700000,-13.1872518185874
10454800000,-13.6538518117292
10454900000,-13.5060061187403
10455000000,-13.7959640169075
10455100000,-13.0628137076368
10455200000,-13.3857836018069
10455300000,-13.7704975898551
10455400000,-13.2203840560093
10455500000,-13.543182614601
10455600000,-13.3510110656106
10455700000,-13.5865027524257
10455800000,-13.1309911726392
10455900000,-13.3791076569369
10456000000,-13.6300785611249
10456100000,-13.2211776188769
10456200000,-13.4904620970673
10456300000,-12.9590617783694
10456400000,-12.9674168110735
10456500000,-13.093950962434
10456600000,-13.2432717879463
10456700000,-13.0721079717198
10456800000,-13.4113899459124
10456900000,-13.4176863309484
10457000000,-13.0109429715203
10457100000,-13.5477355740977
10457200000,-13.1683576164702
10457300000,-13.1757667195103
10457400000,-13.2054960223675
10457500000,-13.3310192097558
10457600000,-12.9023054607669
10457700000,-13.3290397015102
10457800000,-13.1385631999844
10457900000,-13.2128190458087
10458000000,-13.226540334942
10458100000,-13.2304738580467
10458200000,-13.0619183707496
10458300000,-13.4005413175208
10458400000,-12.9255567639723
10458500000,-12.9678519887282
10458600000,-12.9427623495593
10458700000,-12.7942492107853
10458800000,-12.9789428986848
10458900000,-13.038202304797
10459000000,-13.1433236939525
10459100000,-13.6133183938908
10459200000,-12.9537582254555
10459300000,-13.0061675776312
10459400000,-13.3088459285363
10459500000,-13.16327802539
10459600000,-13.0072388252856
10459700000,-13.3856233981548
10459800000,-13.040962809727
10459900000,-12.9481787730673
10460000000,-12.5722491311819
10460100000,-13.0062712814207
10460200000,-13.1860641836075
10460300000,-12.5959937080107
10460400000,-13.0744176275041
10460500000,-12.8592258411607
10460600000,-12.9898858564603
10460700000,-13.0517404825799
10460800000,-12.7141615383314
10460900000,-12.834640537822
10461000000,-13.0348417224422
10461100000,-13.066610986029
10461200000,-13.3654638040566
10461300000,-13.036947619781
10461400000,-12.8013115732369
10461500000,-13.1801554861238
10461600000,-12.9215611882434
10461700000,-12.9563747667216
10461800000,-12.7307839820458
10461900000,-12.733955970102
10462000000,-13.076274087628
10462100000,-13.4568776224751
10462200000,-12.8345651695154
10462300000,-12.7047077710902
10462400000,-13.061520004412
10462500000,-12.8427275771476
10462600000,-12.6614527422528
10462700000,-12.5555728399518
10462800000,-12.9741296937315
10462900000,-12.8244768354683
10463000000,-12.862198923781
10463100000,-12.7157200255512
10463200000,-13.0134230227907
10463300000,-12.5198867929386
10463400000,-13.1173735228453
10463500000,-12.9864773246683
10463600000,-12.7458927100696
10463700000,-12.4372258578411
10463800000,-13.2547908458452
10463900000,-13.3828326998227
10464000000,-12.8459611084953
10464100000,-12.9876817272713
10464200000,-12.364231535386
10464300000,-12.9453574583886
10464400000,-12.7702456109763
10464500000,-12.93345959343
10464600000,-12.9902049867543
10464700000,-12.5610876952866
10464800000,-13.2547711792015
10464900000,-12.5315549768022
10465000000,-12.8066958651208
10465100000,-12.9598756017977
10465200000,-12.7947360500454
10465300000,-12.7444154986
10465400000,-12.9460378169938
10465500000,-12.842040821661
10465600000,-12.6247715462981
10465700000,-12.5923148043713
10465800000,-13.0257736484044
10465900000,-12.8656190917177
10466000000,-13.2875797384519
10466100000,-12.9962288750361
10466200000,-13.0918851219006
10466300000,-12.960618623479
10466400000,-12.9010736200055
10466500000,-13.3879596232383
10466600000,-12.882187137787
10466700000,-12.4164623447245
10466800000,-13.0626290368215
10466900000,-12.6294230637764
10467000000,-12.9353991656958
10467100000,-12.8386727724899
10467200000,-12.6386641236929
10467300000,-13.0174936306318
10467400000,-13.3848199668911
10467500000,-12.5067601349038
10467600000,-12.8985496970736
10467700000,-13.138371368123
10467800000,-12.9707194983124
10467900000,-13.1601405208757
10468000000,-12.7472307211776
10468100000,-12.7702157960493
10468200000,-12.8145891602418
10468300000,-12.8241227866769
10468400000,-12.8574535032546
10468500000,-12.5238737990889
10468600000,-12.9035737562851
10468700000,-12.9278023380506
10468800000,-12.8818818938878
10468900000,-13.001846278369
10469000000,-12.9202023953068
10469100000,-13.130040581719
10469200000,-12.8198184119726
10469300000,-13.2028495032865
10469400000,-13.0749825376486
10469500000,-12.9720105685199
10469600000,-12.8026823116434
10469700000,-13.0169361903289
10469800000,-13.1154640629769
10469900000,-12.830495466508
10470000000,-12.9063377794542
10470100000,-12.5788521460954
10470200000,-12.6786842507562
10470300000,-12.6427234479126
10470400000,-13.2271784214188
10470500000,-13.2778870419107
10470600000,-12.4767202592418
10470700000,-12.8880236306927
10470800000,-13.4171704591771
10470900000,-12.7888339071778
10471000000,-12.6907470610775
10471100000,-12.7672943473526
10471200000,-13.0420441910348
10471300000,-13.1854187085152
10471400000,-13.0527590392889
10471500000,-12.6514094242064
10471600000,-12.9263266730554
10471700000,-13.051758981184
10471800000,-13.3992388708788
10471900000,-12.6661186539975
10472000000,-12.3925601603241
10472100000,-12.8521572831526
10472200000,-13.0827911954065
10472300000,-12.6323329641704
10472400000,-13.2386604539675
10472500000,-12.8886308100363
10472600000,-12.2129250067625
10472700000,-13.7322387564806
10472800000,-12.8413365379389
10472900000,-12.8881532932026
10473000000,-12.911585224418
10473100000,-12.8547329708356
10473200000,-12.3131543916682
10473300000,-12.6309288055112
10473400000,-12.9830210088222
10473500000,-13.1354292950251
10473600000,-12.7800107921413
10473700000,-12.9204456023769
10473800000,-13.2268296121501
10473900000,-13.0476218157023
10474000000,-12.5904163353431
10474100000,-12.8329258185295
10474200000,-13.09898302288
10474300000,-13.1185266712786
10474400000,-12.8643245097401
10474500000,-12.8884931900274
10474600000,-12.7181677422439
10474700000,-12.6580610889786
10474800000,-12.589690081932
10474900000,-13.0294561889883
10475000000,-12.6245791251478
10475100000,-12.65424267295
10475200000,-13.2906834917279
10475300000,-12.9951159733347
10475400000,-12.7519445835298
10475500000,-13.06948219541
10475600000,-12.7058111284646
10475700000,-12.4380380336421
10475800000,-12.9568102819834
10475900000,-12.933539623956
10476000000,-12.5278164886718
10476100000,-13.6618816743089
10476200000,-12.4365498294855
10476300000,-13.1296010720673
10476400000,-12.4271225247941
10476500000,-12.6764852942359
10476600000,-12.7490390387495
10476700000,-13.2482790756644
10476800000,-12.6801441237184
10476900000,-12.3965060661978
10477000000,-12.7298951486932
10477100000,-12.8848452025285
10477200000,-12.7411560500862
10477300000,-12.6914246977161
10477400000,-12.9244586725758
10477500000,-12.7543011494999
10477600000,-13.2072949766665
10477700000,-12.6463457980904
10477800000,-12.9278804250576
10477900000,-13.0550673415661
10478000000,-12.8000835336779
10478100000,-13.138299981235
10478200000,-13.3836623428289
10478300000,-13.0504065720081
10478400000,-12.7620789518211
10478500000,-13.4552138107886
10478600000,-12.6826443561014
10478700000,-13.3914158524972
10478800000,-12.9587897995736
10478900000,-12.945694311637
10479000000,-13.3516365454191
10479100000,-12.9345006532892
10479200000,-12.8720694148064
10479300000,-12.7149668882076
10479400000,-12.5254583126453
10479500000,-12.6607480026394
10479600000,-13.1404540405369
10479700000,-12.8710855471183
10479800000,-13.0619903248065
10479900000,-12.8079271587875
10480000000,-12.8970201026748
10480100000,-12.9545287980775
10480200000,-13.1819727802148
10480300000,-13.3906666523003
10480400000,-13.0420066896885
10480500000,-12.8600113965871
10480600000,-12.9944940922294
10480700000,-12.9736567857629
10480800000,-13.1692060256746
10480900000,-12.6803226421342
10481000000,-13.2760509067435
10481100000,-12.6915749476459
10481200000,-12.9615315159631
10481300000,-12.8824800605046
10481400000,-12.68989302933
10481500000,-13.1027531554762
10481600000,-13.4265624025011
10481700000,-12.8268574866553
10481800000,-13.0466868154786
10481900000,-12.7762557036038
10482000000,-13.217474040414
10482100000,-12.6772646290752
10482200000,-13.4663409142915
10482300000,-12.955633608674
10482400000,-13.4014254582122
10482500000,-12.989619670969
10482600000,-12.8772699920025
10482700000,-13.0604735505001
10482800000,-13.1488113648055
10482900000,-13.0251127112495
10483000000,-12.8693529160372
10483100000,-12.676296431707
10483200000,-12.1518525973507
10483300000,-13.0500329639567
10483400000,-12.8427451638201
10483500000,-13.240256252929
10483600000,-13.4330171989658
10483700000,-13.2414863125945
10483800000,-13.2406347752358
10483900000,-12.8845136127767
10484000000,-13.0119316998088
10484100000,-13.1611854329674
10484200000,-12.7759046207507
10484300000,-12.8915407909918
10484400000,-12.7606104087352
10484500000,-12.7751005720814
10484600000,-12.5312991095685
10484700000,-12.6474929188046
10484800000,-13.4631172235467
10484900000,-13.0977755395306
10485000000,-13.2446352132006
10485100000,-13.491202636056
10485200000,-12.9678321241858
10485300000,-13.2656726870834
10485400000,-12.8422003037373
10485500000,-13.1235479902233
10485600000,-13.4101969208245
10485700000,-13.1243886658476
10485800000,-12.3696115468451
10485900000,-12.9189528820749
10486000000,-13.7528544705971
10486100000,-12.7917494248456
10486200000,-13.0640418966629
10486300000,-13.6073271737733
10486400000,-13.0114955723061
10486500000,-13.1727124965002
10486600000,-13.224610977728
10486700000,-12.8556907744472
10486800000,-13.295799733697
10486900000,-12.8682388277665
10487000000,-13.0492362713747
10487100000,-13.1824502323667
10487200000,-13.1456327230854
10487300000,-13.5610541646348
10487400000,-13.0616731043885
10487500000,-13.1458863773533
10487600000,-13.4640466470588
10487700000,-13.774273125416
10487800000,-13.0705679676541
10487900000,-13.201005196356
10488000000,-13.2553098994504
10488100000,-13.3236876084721
10488200000,-13.3485511236728
10488300000,-13.0586139268769
10488400000,-13.145501981849
10488500000,-12.700324738988
10488600000,-13.4773688123086
10488700000,-13.6346211034582
10488800000,-13.2522381980888
10488900000,-13.5288382133149
10489000000,-13.2030522912717
10489100000,-12.9965141114901
10489200000,-12.993084327346
10489300000,-13.1972896523581
10489400000,-13.5070672407911
10489500000,-13.3943864495816
10489600000,-13.4259918984943
10489700000,-13.5581620302116
10489800000,-13.4360034735102
10489900000,-13.2144850727086
10490000000,-13.2440580198806
10490100000,-13.5641853739515
10490200000,-13.4083632547044
10490300000,-13.0489531279564
10490400000,-13.3512141529026
10490500000,-13.6131151051132
10490600000,-14.1316916765337
10490700000,-13.5517488828536
10490800000,-13.2086002209576
10490900000,-13.7071541086113
10491000000,-13.5874599643658
10491100000,-13.7359965046513
10491200000,-13.4694930059623
10491300000,-13.4203505928915
10491400000,-13.6557320205358
10491500000,-13.828171329749
10491600000,-13.6078566184291
10491700000,-13.4787929186602
10491800000,-13.0752497822381
10491900000,-13.5293356130249
10492000000,-13.430160120872
10492100000,-13.6938014077758
10492200000,-13.2994584046702
10492300000,-13.2426532833346
10492400000,-13.1469745971615
10492500000,-13.2459999450393
10492600000,-13.2585089090062
10492700000,-13.8826991490833
10492800000,-13.44047463967
10492900000,-13.2952606996204
10493000000,-13.4143009729642
10493100000,-13.4435651661231
10493200000,-13.6693147112632
10493300000,-13.1158660443382
10493400000,-13.7946975066271
10493500000,-13.4837075741493
10493600000,-14.1344768274465
10493700000,-14.1656059343781
10493800000,-13.9098073291669
10493900000,-13.6051086063998
10494000000,-13.4011851478754
10494100000,-13.5420456840241
10494200000,-13.5413620424498
10494300000,-13.671145158271
10494400000,-14.0712350931291
10494500000,-13.3555798491857
10494600000,-13.6512357571732
10494700000,-13.268364998828
10494800000,-14.0975666936358
10494900000,-13.5473416581608
10495000000,-13.7170886093645
10495100000,-13.7367249373205
10495200000,-13.7684317014769
10495300000,-13.5913895474267
10495400000,-13.6929826673234
10495500000,-14.0178527715596
10495600000,-13.3743481436763
10495700000,-13.6040396945852
10495800000,-13.7007772625918
10495900000,-13.6008769732333
10496000000,-13.7983983858574
10496100000,-13.7968472582706
10496200000,-13.5704693172613
10496300000,-14.0669133218582
10496400000,-14.2290705310719
10496500000,-13.8017291550197
10496600000,-13.4612773685611
10496700000,-13.7585277236343
10496800000,-14.1076966452842
10496900000,-14.031213837573
10497000000,-13.6453956847002
10497100000,-13.5392474293477
10497200000,-13.8388495061494
10497300000,-13.8324905436358
10497400000,-14.2860893302659
10497500000,-13.403995104514
10497600000,-13.3484513751624
10497700000,-13.7750665714329
10497800000,-13.662990260906
10497900000,-13.7692233796019
10498000000,-13.4872791618697
10498100000,-14.0330700029861
10498200000,-13.5737926633978
10498300000,-13.4333616217587
10498400000,-13.5600543349081
10498500000,-13.4200664111837
10498600000,-13.6286480888079
10498700000,-13.0072482030005
10498800000,-13.1965879574216
10498900000,-13.5925214773784
10499000000,-13.1236750634195
10499100000,-13.6640450156104
10499200000,-13.9534463766014
10499300000,-13.9073008005099
10499400000,-13.4864920160822
10499500000,-13.8178398410552
10499600000,-13.8679827839974
10499700000,-13.9807100474105
10499800000,-14.2327261677697
10499900000,-13.4643235328981
10500000000,-13.647759324041
10500100000,-13.7397022501473
10500200000,-13.5371303105863
10500300000,-12.9206706630995
10500400000,-13.406322834264
10500500000,-14.206727296773
10500600000,-13.3977538507078
10500700000,-13.5890007579722
10500800000,-13.572962503736
10500900000,-13.4939808222848
10501000000,-13.6241479401381
10501100000,-13.602694861297
10501200000,-13.251187455723
10501300000,-13.6783382172866
10501400000,-13.520733109831
10501500000,-13.4468524238073
10501600000,-13.3350919431117
10501700000,-14.1400531438796
10501800000,-13.4258051775555
10501900000,-13.2998276718764
10502000000,-13.0370498168543
10502100000,-13.0105471653559
10502200000,-13.2169134204199
10502300000,-13.4772534438047
10502400000,-13.4247904207272
10502500000,-13.2707104545068
10502600000,-13.7201679386987
10502700000,-13.4068725068122
10502800000,-13.4870887349831
10502900000,-13.7488854628215
10503000000,-13.0419089673589
10503100000,-13.2898970732941
10503200000,-13.0260153732204
10503300000,-13.3595664581631
10503400000,-13.5010354828339
10503500000,-13.5378638912855
10503600000,-13.324024197683
10503700000,-13.4420373694973
10503800000,-13.3109348258566
10503900000,-13.568555935366
10504000000,-13.5736526551417
10504100000,-13.6639705296469
10504200000,-13.1276665316375
10504300000,-13.2269247782738
10504400000,-13.4225440139989
10504500000,-13.4741747396896
10504600000,-13.0418297161571
10504700000,-13.7016408392466
10504800000,-13.3746049342264
10504900000,-12.7385809150308
10505000000,-12.7778671632398
10505100000,-13.8132218406504
10505200000,-13.5604141072344
10505300000,-13.2816412499444
10505400000,-13.3170084022471
10505500000,-13.1796997218227
10505600000,-12.7871843477669
10505700000,-13.2799627260432
10505800000,-13.486905536409
10505900000,-13.1230410615087
10506000000,-12.9968751222947
10506100000,-12.9749673890527
10506200000,-13.2314695049203
10506300000,-13.2130710783206
10506400000,-13.5192159676569
10506500000,-12.9991783289434
10506600000,-12.9850926395534
10506700000,-12.6799184759482
10506800000,-13.0019488389855
10506900000,-13.1931072044732
10507000000,-13.1895571885678
10507100000,-13.179507266401
10507200000,-13.2408620957028
10507300000,-13.2629828343609
10507400000,-13.4937068234691
10507500000,-13.2339677537918
10507600000,-13.1466762139223
10507700000,-12.8971233116374
10507800000,-13.4853032224582
10507900000,-12.7566867259348
10508000000,-13.2876880850092
10508100000,-12.6289639535256
10508200000,-12.9326759856641
10508300000,-12.5708986381487
10508400000,-12.8061384156905
10508500000,-13.0412223495971
10508600000,-13.0764797022425
10508700000,-13.1555430747657
10508800000,-13.138391286301
10508900000,-12.8015563299049
10509000000,-13.4935415997165
10509100000,-13.0436222249464
10509200000,-12.7417395087269
10509300000,-13.6342653779027
10509400000,-12.4661536931253
10509500000,-12.8976456103242
10509600000,-13.1646360328993
10509700000,-12.5589483253006
10509800000,-12.6377049210243
10509900000,-12.8637665152508
10510000000,-13.0215870206035
10510100000,-13.2483354563381
10510200000,-12.8388552046715
10510300000,-12.8845555194656
10510400000,-12.3619624930687
10510500000,-13.0293141149963
10510600000,-12.5183311927996
10510700000,-12.537415655256
10510800000,-12.5074825786114
10510900000,-12.9590957028887
10511000000,-13.2639357056171
10511100000,-13.5203270304175
10511200000,-12.9832396324722
10511300000,-12.9686460839863
10511400000,-12.9355855814285
10511500000,-12.2435147795343
10511600000,-13.2375472872087
10511700000,-12.6950818101576
10511800000,-12.6099103500257
10511900000,-13.0990021897379
10512000000,-12.8516356876954
10512100000,-12.9438981703852
10512200000,-12.6799058433641
10512300000,-12.4557933887089
10512400000,-13.2156044811913
10512500000,-12.666596397415
10512600000,-12.5391095647924
10512700000,-13.1467636358128
10512800000,-13.0456581807305
10512900000,-12.5841306863093
10513000000,-13.1750355879924
10513100000,-13.4963795460333
10513200000,-13.3552015298062
10513300000,-12.588788682573
10513400000,-13.2151614686576
10513500000,-12.7063960913547
10513600000,-12.6835754566987
10513700000,-13.089122783139
10513800000,-12.3370832313874
10513900000,-12.6874355081577
10514000000,-12.5248925202227
10514100000,-13.0975462726106
10514200000,-12.7662501158869
10514300000,-12.3633142090316
10514400000,-12.6701830931083
10514500000,-12.6065556285727
10514600000,-12.970532101402
10514700000,-13.3994199787029
10514800000,-13.0703023049359
10514900000,-13.0540546367796
10515000000,-13.268504077985
10515100000,-12.6393520106501
10515200000,-12.5850180963077
10515300000,-12.6783691694536
10515400000,-12.7229823980235
10515500000,-12.7433389531419
10515600000,-13.1739363237951
10515700000,-12.9295767147661
10515800000,-12.5347667257128
10515900000,-12.5300733596637
10516000000,-12.8441367142808
10516100000,-13.1034304165298
10516200000,-12.9234952460874
10516300000,-13.3202195304511
10516400000,-13.2076855115584
10516500000,-12.8753110070105
10516600000,-12.7639133737151
10516700000,-12.7088172409165
10516800000,-13.0058101978436
10516900000,-12.183792635379
10517000000,-12.9224120072889
10517100000,-12.756023479816
10517200000,-13.0336441792306
10517300000,-12.7037507616044
10517400000,-12.5602550937779
10517500000,-13.438210440983
10517600000,-12.6339801225307
10517700000,-12.2218468657851
10517800000,-13.0722701917098
10517900000,-13.2394771554229
10518000000,-12.8415055730905
10518100000,-12.9298161308527
10518200000,-12.7901844216698
10518300000,-13.3181960524632
10518400000,-12.8325482273298
10518500000,-12.768059332825
10518600000,-13.3378304510059
10518700000,-13.2031543715377
10518800000,-12.7299204765531
10518900000,-12.7902352131438
10519000000,-13.2218504069447
10519100000,-12.8780944737635
10519200000,-12.6460223344691
10519300000,-12.6898672609484
10519400000,-12.8757435401682
10519500000,-12.902289916588
10519600000,-12.6073212333067
10519700000,-13.0443262930846
10519800000,-13.2682313656502
10519900000,-12.7148447827914
10520000000,-13.1275934438175
10520100000,-12.5709541616594
10520200000,-12.6939471272224
10520300000,-12.7560597940514
10520400000,-12.7056055199289
10520500000,-13.2684780307795
10520600000,-12.9449379703705
10520700000,-13.1027723144491
10520800000,-13.1023331418878
10520900000,-12.8355843683687
10521000000,-12.9459584254504
10521100000,-12.9772131113579
10521200000,-12.659734013887
10521300000,-13.0919540162673
10521400000,-12.8241318559474
10521500000,-13.0766411946202
10521600000,-13.0812412793186
10521700000,-13.1831835440946
10521800000,-12.9279475130193
10521900000,-12.9740183417569
10522000000,-12.8083455306557
10522100000,-12.9140044399564
10522200000,-12.8535074730236
10522300000,-13.3378616887293
10522400000,-13.2034908368104
10522500000,-13.1966050560032
10522600000,-12.709803561934
10522700000,-12.814626589679
10522800000,-12.6960947490472
10522900000,-12.7898487890123
10523000000,-13.0594421440579
10523100000,-12.889424867566
10523200000,-13.0251930922775
10523300000,-12.5036656958058
10523400000,-13.3880786875985
10523500000,-13.1795905111061
10523600000,-13.1633397647221
10523700000,-13.023017668834
10523800000,-12.6808612909985
10523900000,-13.0745011218683
10524000000,-12.9532003655353
10524100000,-13.2073052643817
10524200000,-13.1348738638655
10524300000,-13.3443393444089
10524400000,-13.0904776728599
10524500000,-13.1229012125209
10524600000,-12.9055658303059
10524700000,-12.9273066512225
10524800000,-12.7087450153961
10524900000,-13.342275469851
10525000000,-12.7382183209693
10525100000,-13.3878490325194
10525200000,-13.2128549251327
10525300000,-13.35470726071
10525400000,-12.6449094727708
10525500000,-12.9559995938846
10525600000,-12.6815426835517
10525700000,-13.3623754782617
10525800000,-13.0886149005082
10525900000,-13.2908643877559
10526000000,-12.5845329960906
10526100000,-13.4782054260998
10526200000,-12.8754345721311
10526300000,-12.704145793724
10526400000,-13.5023675666636
10526500000,-13.2782552039332
10526600000,-13.1051275158609
10526700000,-12.8983009475469
10526800000,-12.6184905516879
10526900000,-12.8819671525655
10527000000,-13.6873148886363
10527100000,-12.8001155686173
10527200000,-13.518734639992
10527300000,-12.7102821017888
10527400000,-13.174118810243
10527500000,-13.5058358853046
10527600000,-13.685378053181
10527700000,-12.2795715554818
10527800000,-13.0409203332524
10527900000,-13.3239646648962
10528000000,-13.1494828535494
10528100000,-12.9749400119413
10528200000,-13.5529642642443
10528300000,-12.3080796828319
10528400000,-13.4100243255028
10528500000,-12.6648291820645
10528600000,-13.2993276075363
10528700000,-13.4302868443364
10528800000,-12.4878096384499
10528900000,-13.0475967909059
10529000000,-12.8847606565254
10529100000,-12.7652499904454
10529200000,-12.9509534511411
10529300000,-13.2673395439228
10529400000,-12.9247247670565
10529500000,-13.1398127024578
10529600000,-12.6900954705659
10529700000,-13.1537493984759
10529800000,-13.294753559905
10529900000,-13.2240621146598
10530000000,-12.812567170791
10530100000,-12.8929817943259
10530200000,-12.6624213488963
10530300000,-12.9268716553249
10530400000,-13.2456091521685
10530500000,-13.4545178790117
10530600000,-12.924940839619
10530700000,-13.0245655064166
10530800000,-13.2538155505196
10530900000,-13.2048959705318
10531000000,-12.7137874290263
10531100000,-13.1372096023205
10531200000,-12.6797540216167
10531300000,-12.6906489860117
10531400000,-13.1773995123388
10531500000,-12.9282598088115
10531600000,-13.1306101170145
10531700000,-12.6855954838841
10531800000,-12.6291993290643
10531900000,-13.5447071478499
10532000000,-12.5563809771438
10532100000,-13.236917267818
10532200000,-13.1696019900245
10532300000,-12.837069864866
10532400000,-13.2327030435684
10532500000,-12.8712894053483
10532600000,-13.1349298168366
10532700000,-12.7644633920751
10532800000,-13.2171136211521
10532900000,-13.0507667743756
10533000000,-13.2060813237206
10533100000,-13.3431703514449
10533200000,-12.8219536035216
10533300000,-12.8865953742357
10533400000,-12.9340845439015
10533500000,-13.2135805655396
10533600000,-13.1108159423055
10533700000,-12.9054951621633
10533800000,-13.2599716464653
10533900000,-13.4580440246649
10534000000,-12.7130364584682
10534100000,-12.7630523212319
10534200000,-13.1582026925734
10534300000,-13.2471051105795
10534400000,-13.6493447967618
10534500000,-13.1298767074316
10534600000,-13.1806161178956
10534700000,-13.7306093467239
10534800000,-13.3562786235009
10534900000,-13.1144261520413
10535000000,-13.1670907603309
10535100000,-13.5336306018791
10535200000,-13.2174621793569
10535300000,-13.4082149001953
10535400000,-12.941142255077
10535500000,-13.3155075617886
10535600000,-12.8692103945728
10535700000,-13.042053500898
10535800000,-13.0589318730226
10535900000,-12.9761850728187
10536000000,-13.3157685525813
10536100000,-13.0186997741429
10536200000,-13.2285984381248
10536300000,-13.290995671126
10536400000,-13.1491877614882
10536500000,-12.9427986072345
10536600000,-13.5589063560379
10536700000,-13.0210851442172
10536800000,-14.1367033313192
10536900000,-13.6368790579111
10537000000,-13.5901263243007
10537100000,-13.1370667038604
10537200000,-13.3361210930271
10537300000,-12.9923064328707
10537400000,-13.4633308933004
10537500000,-13.0538869783968
10537600000,-13.372237452388
10537700000,-13.4138471811853
10537800000,-12.922268344397
10537900000,-13.0643342737406
10538000000,-13.0740892344987
10538100000,-13.6873465364869
10538200000,-12.9173901705351
10538300000,-13.2733104028614
10538400000,-13.2863119953784
10538500000,-12.8634277626485
10538600000,-13.4436511121498
10538700000,-13.0764468164959
10538800000,-13.0439967306054
10538900000,-13.3107316868557
10539000000,-13.3056728036047
10539100000,-13.4086112205035
10539200000,-12.9931604702912
10539300000,-13.5125708801533
10539400000,-13.3325393828512
10539500000,-13.1559533326912
10539600000,-13.5635680033386
10539700000,-13.5865512028183
10539800000,-13.4164081747183
10539900000,-13.5750380822537
10540000000,-13.7853446173431
10540100000,-14.0637193062625
10540200000,-13.8267456966515
10540300000,-14.2281442107569
10540400000,-13.8610592218374
10540500000,-13.6099600112414
10540600000,-13.53629891666
10540700000,-13.9345932659227
10540800000,-13.5811341641087
10540900000,-13.4301629420201
10541000000,-13.4542748381997
10541100000,-13.4532438735468
10541200000,-13.2723269655633
10541300000,-13.8052225153885
10541400000,-13.3489423515276
10541500000,-13.7046355645511
10541600000,-13.5090594807075
10541700000,-13.3750268315959
10541800000,-14.1003925006645
10541900000,-13.8912993693359
10542000000,-12.9721063313829
10542100000,-13.4967419052198
10542200000,-13.2213426075374
10542300000,-13.7596456280984
10542400000,-13.4545974058964
10542500000,-13.7756081078374
10542600000,-13.7669410525822
10542700000,-13.4157719922687
10542800000,-13.9392545345327
10542900000,-14.0168624790453
10543000000,-13.6301110912807
10543100000,-13.5636023380182
10543200000,-13.5143370482734
10543300000,-13.6130578442868
10543400000,-13.6920806028358
10543500000,-13.4248629154715
10543600000,-13.9029971563136
10543700000,-14.0553486181073
10543800000,-13.4440594837936
10543900000,-13.373761795085
10544000000,-13.4056040474994
10544100000,-13.284948116108
10544200000,-13.6826568885797
10544300000,-13.0837983628624
10544400000,-13.0425943130899
10544500000,-13.5683029275762
10544600000,-13.5618049920795
10544700000,-13.7765745772428
10544800000,-13.7414681095138
10544900000,-13.8394643162842
10545000000,-13.3790215799185
10545100000,-13.8744141256211
10545200000,-13.3505510321268
10545300000,-13.9316230262286
10545400000,-13.457147410061
10545500000,-13.2447836556211
10545600000,-13.4046467005714
10545700000,-13.7281682762251
10545800000,-14.0327044798305
10545900000,-13.1717774352416
10546000000,-13.3867548582886
10546100000,-13.3119779903247
10546200000,-13.3685362678166
10546300000,-13.4713182942851
10546400000,-13.4467123098743
10546500000,-13.7240559860729
10546600000,-13.4271898254023
10546700000,-13.3509338745249
10546800000,-13.5633237734622
10546900000,-13.504764871867
10547000000,-13.6220759927474
10547100000,-13.4580027431807
10547200000,-13.0356104417255
10547300000,-13.3652518473191
10547400000,-13.457069299546
10547500000,-13.6098075669637
10547600000,-13.75500377059
10547700000,-12.922594825598
10547800000,-13.4179999190305
10547900000,-13.2809435053405
10548000000,-13.2431394500572
10548100000,-13.6177706500968
10548200000,-13.9890497993464
10548300000,-13.2804084404807
10548400000,-13.9301824318355
10548500000,-13.091669670172
10548600000,-12.9812791021127
10548700000,-13.4496667252744
10548800000,-13.2576478431125
10548900000,-13.1422155295682
10549000000,-13.5772166363886
10549100000,-13.7950380981906
10549200000,-13.6191365110377
10549300000,-13.6403091726047
10549400000,-13.2057196445898
10549500000,-12.9028479396169
10549600000,-13.0460420372243
10549700000,-13.3844494972316
10549800000,-13.0882999454401
10549900000,-13.2705187488199
10550000000,-13.242826872195
10550100000,-13.4686246792323
10550200000,-12.9674449601812
10550300000,-13.3744774380085
10550400000,-13.1871341490529
10550500000,-13.0834754699814
10550600000,-13.2404835399201
10550700000,-13.4168973334853
10550800000,-13.1579090922306
10550900000,-13.1811512170712
10551000000,-13.2683928450264
10551100000,-12.8679956909281
10551200000,-12.9471532501982
10551300000,-13.2530945326034
10551400000,-13.3829372395084
10551500000,-13.132421283542
10551600000,-13.2251026682212
10551700000,-13.2451380821803
10551800000,-13.5753035589865
10551900000,-13.2350192627133
10552000000,-13.8757163653222
10552100000,-13.3280396893313
10552200000,-12.9571821166784
10552300000,-13.5609860637754
10552400000,-12.7321597272961
10552500000,-13.1717968120357
10552600000,-13.1510619038804
10552700000,-13.123061063311
10552800000,-13.1973642436792
10552900000,-13.4812367839689
10553000000,-13.4837258445335
10553100000,-12.9185578352513
10553200000,-13.0724878964547
10553300000,-13.4507904352932
10553400000,-13.2705274479924
10553500000,-13.345814973745
10553600000,-12.6610288637091
10553700000,-13.4733848575109
10553800000,-13.1114089351411
10553900000,-13.0006924504643
10554000000,-13.0237872738507
10554100000,-13.3515279722663
10554200000,-12.8802707775352
10554300000,-12.8269257469726
10554400000,-13.8824266149111
10554500000,-12.9370806137441
10554600000,-13.0897132768602
10554700000,-13.5338819900624
10554800000,-13.2500088832659
10554900000,-13.3052690308665
10555000000,-13.0327082196622
10555100000,-13.6362409538243
10555200000,-13.0180832758814
10555300000,-12.849844808659
10555400000,-12.9042960953514
10555500000,-12.7305353723509
10555600000,-13.0458031506626
10555700000,-13.1310621300634
10555800000,-13.0997125723768
10555900000,-13.1621709710202
10556000000,-12.939444703708
10556100000,-13.0827708331838
10556200000,-13.0437785221124
10556300000,-13.2893044906714
10556400000,-13.327578649234
10556500000,-12.8351444361375
10556600000,-13.3315011882386
10556700000,-13.2191004642597
10556800000,-13.061065876996
10556900000,-13.1715066270866
10557000000,-12.914705525533
10557100000,-13.1264787501558
10557200000,-13.2338955433481
10557300000,-12.7960240939503
10557400000,-13.3030228962025
10557500000,-12.8464437620072
10557600000,-12.8413150624109
10557700000,-13.1953186894753
10557800000,-12.5448081937457
10557900000,-13.3581550345974
10558000000,-12.9163963396891
10558100000,-13.5027361782086
10558200000,-13.6503982875432
10558300000,-13.893161564602
10558400000,-13.2654977889518
10558500000,-13.0323761722643
10558600000,-12.9526784149632
10558700000,-13.2274589294171
10558800000,-13.5051629807715
10558900000,-13.5911737078313
10559000000,-13.4176755788947
10559100000,-12.6762453625917
10559200000,-13.1938455841097
10559300000,-13.1746770942183
10559400000,-12.9268149675075
10559500000,-13.6927390396838
10559600000,-13.4805841367217
10559700000,-12.7907465889276
10559800000,-13.2902646015595
10559900000,-13.1554632023991
10560000000,-13.3165395733938
10560100000,-13.4185441504991
10560200000,-13.1932616254414
10560300000,-13.7794881685234
10560400000,-12.816865412697
10560500000,-13.2331862566542
10560600000,-13.0350905501458
10560700000,-13.9689350458172
10560800000,-13.5066311026009
10560900000,-14.0027076917799
10561000000,-12.7732969744727
10561100000,-13.0344636693059
10561200000,-13.4236430497328
10561300000,-13.4271705023529
10561400000,-13.6313914136857
10561500000,-13.4201445765782
10561600000,-12.9850969263717
10561700000,-13.0680367213225
10561800000,-13.2570764426062
10561900000,-13.9446138219759
10562000000,-12.9770631012715
10562100000,-13.5481972736861
10562200000,-13.3873052946094
10562300000,-13.9320118868687
10562400000,-13.2949850432783
10562500000,-13.6883893725999
10562600000,-13.5492104744511
10562700000,-13.3189500086579
10562800000,-13.5974158047687
10562900000,-13.7492379947712
10563000000,-13.2559478024528
10563100000,-13.885671472189
10563200000,-13.5616652879122
10563300000,-13.3029463040427
10563400000,-13.58121851064
10563500000,-14.0339471215775
10563600000,-13.460255976426
10563700000,-13.3940816731496
10563800000,-13.200392305098
10563900000,-14.209285281858
10564000000,-13.3322633957693
10564100000,-14.1038550575965
10564200000,-13.6424996051414
10564300000,-14.0706884726847
10564400000,-13.6097988883243
10564500000,-13.7522106150605
10564600000,-13.7433567250936
10564700000,-13.3384870884706
10564800000,-13.6740999740274
10564900000,-13.8615587287458
10565000000,-13.7002734703558
10565100000,-14.087511014433
10565200000,-13.6180866227138
10565300000,-14.1670939050393
10565400000,-13.9888588974436
10565500000,-14.0026345992152
10565600000,-13.7241018553155
10565700000,-13.552358328417
10565800000,-14.3325368049976
10565900000,-13.7925367346212
10566000000,-13.7984613293988
10566100000,-14.05729675605
10566200000,-14.2442139799328
10566300000,-13.2352377075389
10566400000,-13.2727245195527
10566500000,-14.3217613925422
10566600000,-14.323599881005
10566700000,-13.7849861889983
10566800000,-14.1655256543017
10566900000,-14.0263025678143
10567000000,-13.5435470768134
10567100000,-13.7480996618867
10567200000,-14.3242312604978
10567300000,-14.3088226726939
10567400000,-13.9125040913343
10567500000,-13.9173894908444
10567600000,-13.9848206441483
10567700000,-13.5904733047305
10567800000,-14.3781128332421
10567900000,-13.8805879440824
10568000000,-14.1934505616542
10568100000,-13.9837960562384
10568200000,-13.7475971015348
10568300000,-14.4828201628704
10568400000,-14.1721835716533
10568500000,-13.7877654466387
10568600000,-13.6659455136099
10568700000,-14.2192115080037
10568800000,-14.4298607085176
10568900000,-14.1235316238617
10569000000,-13.9797315814705
10569100000,-13.8640458907011
10569200000,-14.309090849832
10569300000,-13.9344443421074
10569400000,-13.3192990024012
10569500000,-13.8768169478085
10569600000,-13.722181803149
10569700000,-14.0563892874206
10569800000,-13.4902375044483
10569900000,-13.6490952387309
10570000000,-14.0919467425678
10570100000,-13.5770839721864
10570200000,-14.1467067677976
10570300000,-13.3844200338597
10570400000,-14.097995247653
10570500000,-14.2535507425907
10570600000,-14.1429936765513
10570700000,-13.7321834626453
10570800000,-14.0562272628844
10570900000,-13.8506126790121
10571000000,-13.4325799814116
10571100000,-13.1818116371827
10571200000,-13.9900046281063
10571300000,-13.7422527067497
10571400000,-14.0496369669032
10571500000,-14.4450265136171
10571600000,-13.735641911155
10571700000,-13.9467073643862
10571800000,-13.718081970419
10571900000,-13.7224805504814
10572000000,-14.1538745402673
10572100000,-14.0892622395345
10572200000,-14.1379650163644
10572300000,-13.4270950757327
10572400000,-13.7735642134501
10572500000,-14.0954883853136
10572600000,-13.9050730544606
10572700000,-14.1536761784955
10572800000,-14.2251560311528
10572900000,-14.4714417433247
10573000000,-14.0327951642908
10573100000,-13.4980571712971
10573200000,-14.387219215699
10573300000,-13.796405270769
10573400000,-13.9093313007611
10573500000,-13.7782335146411
10573600000,-13.8310046997079
10573700000,-14.1413470988246
10573800000,-14.0862440326363
10573900000,-13.8825902957564
10574000000,-13.9525484565845
10574100000,-13.5130383971652
10574200000,-13.9801914855397
10574300000,-13.7318379586222
10574400000,-14.0694933218175
10574500000,-14.0309224341188
10574600000,-13.7084293391487
10574700000,-13.5417456398522
10574800000,-13.5414551647218
10574900000,-13.9647998741115
10575000000,-14.0469904633937
10575100000,-13.16526357014
10575200000,-14.1275242458748
10575300000,-14.2842679894629
10575400000,-14.086805251307
10575500000,-13.6353472856846
10575600000,-13.8451319689402
10575700000,-14.082915787045
10575800000,-13.564793739933
10575900000,-13.9865611578616
10576000000,-13.7962790028668
10576100000,-13.7418709665496
10576200000,-13.985655509316
10576300000,-13.6398468568527
10576400000,-14.1915455385602
10576500000,-13.7850778006579
10576600000,-13.7730324200164
10576700000,-13.6400106714365
10576800000,-13.6022951003207
10576900000,-13.8226037939465
10577000000,-13.5740398090203
10577100000,-13.8408888677978
10577200000,-13.3631990583535
10577300000,-13.8150960789884
10577400000,-13.5576897130644
10577500000,-13.6817095534121
10577600000,-13.9863370835523
10577700000,-13.7738897569198
10577800000,-13.4248197319136
10577900000,-13.7989147099382
10578000000,-13.5410305259539
10578100000,-14.0395611126581
10578200000,-13.2658983330005
10578300000,-13.5937761753675
10578400000,-13.7364956553807
10578500000,-13.5430389768246
10578600000,-13.4110351318754
10578700000,-14.1003140876171
10578800000,-13.4583446095978
10578900000,-13.2056945615013
10579000000,-13.5761485254279
10579100000,-13.7228692691249
10579200000,-13.706736135389
10579300000,-13.7746353109052
10579400000,-13.364054909848
10579500000,-13.79309283957
10579600000,-14.0451174013803
10579700000,-13.5587212268427
10579800000,-13.1709529407613
10579900000,-13.1655018990092
10580000000,-13.7812391225785
10580100000,-13.4392710997232
10580200000,-13.739933035319
10580300000,-13.5439197842864
10580400000,-12.7748191672199
10580500000,-13.5057535809781
10580600000,-13.5024077596908
10580700000,-12.8222739761807
10580800000,-12.9639250966796
10580900000,-13.4137633066004
10581000000,-13.3363951555478
10581100000,-13.5506121363333
10581200000,-13.1396337240897
10581300000,-13.049022574883
10581400000,-13.0317319890771
10581500000,-13.7470065629843
10581600000,-13.5530053889015
10581700000,-13.3114803205432
10581800000,-13.3510118762714
10581900000,-13.2554136171467
10582000000,-13.29795481472
10582100000,-13.0640980136418
10582200000,-13.0132930261209
10582300000,-13.0627137134918
10582400000,-13.2532934829678
10582500000,-13.0777853158094
10582600000,-13.902962418287
10582700000,-12.922655947107
10582800000,-12.8300379373528
10582900000,-13.1140767973839
10583000000,-12.7585861722641
10583100000,-12.8875676756868
10583200000,-12.8152475089233
10583300000,-13.0146451903936
10583400000,-13.0495365401125
10583500000,-13.2963704352151
10583600000,-13.2082005285728
10583700000,-13.2818481298311
10583800000,-12.9825843514397
10583900000,-13.0728552795045
10584000000,-13.2072808610028
10584100000,-13.5777596004917
10584200000,-13.3794366064823
10584300000,-12.9613590467413
10584400000,-12.7642946917588
10584500000,-12.479849966079
10584600000,-12.9064236264977
10584700000,-13.0179737637968
10584800000,-13.1770888716384
10584900000,-12.9209310810659
10585000000,-13.1589811488519
10585100000,-13.1508682230759
10585200000,-12.4181240544956
10585300000,-13.0396091099861
10585400000,-12.7433889202731
10585500000,-13.4069832915998
10585600000,-12.6174224984049
10585700000,-12.972393469021
10585800000,-12.9646947533109
10585900000,-12.9152131896782
10586000000,-12.7679738518194
10586100000,-12.3871292945996
10586200000,-12.8952515611965
10586300000,-12.813194680918
10586400000,-12.754179423496
10586500000,-12.8178714192642
10586600000,-12.8379861334099
10586700000,-12.7627383895741
10586800000,-12.6072545792856
10586900000,-12.8945792574726
10587000000,-12.9608468022919
10587100000,-13.1431863253299
10587200000,-12.6614034151255
10587300000,-13.3558409100882
10587400000,-12.8875145993168
10587500000,-12.5374261798936
10587600000,-12.7770172324177
10587700000,-12.4208174640029
10587800000,-12.7035907450041
10587900000,-12.9410434831545
10588000000,-12.7996348384818
10588100000,-12.5537467581275
10588200000,-12.8807628597398
10588300000,-12.7829192162339
10588400000,-12.8475121735212
10588500000,-12.6827693492633
10588600000,-13.1693791534613
10588700000,-12.4810541378974
10588800000,-12.540477050857
10588900000,-12.5665416728496
10589000000,-12.4941625174694
10589100000,-12.686400562245
10589200000,-12.6795061852508
10589300000,-12.8321836269767
10589400000,-12.6700650231078
10589500000,-12.7573232559216
10589600000,-12.9442716122734
10589700000,-12.8871704689084
10589800000,-12.7668657129458
10589900000,-12.5698591444517
10590000000,-12.4573211275293
10590100000,-12.7517093199062
10590200000,-12.4319352157932
10590300000,-12.5162012272431
10590400000,-12.6004488126886
10590500000,-12.6927777127574
10590600000,-12.4298121601751
10590700000,-12.39286083531
10590800000,-12.7640240871292
10590900000,-12.763583344413
10591000000,-12.5453784604618
10591100000,-12.3079517872895
10591200000,-13.110763342505
10591300000,-12.6191258999796
10591400000,-12.5934074941192
10591500000,-12.8827470216861
10591600000,-12.5807397466461
10591700000,-12.5824813430071
10591800000,-12.6381925624177
10591900000,-12.7738180718142
10592000000,-13.0706814688823
10592100000,-12.8369228121795
10592200000,-12.5353781647317
10592300000,-12.542243180702
10592400000,-12.5371658896447
10592500000,-12.4904336085932
10592600000,-12.8335944915216
10592700000,-12.7678836193082
10592800000,-13.3293797192603
10592900000,-12.3234612600041
10593000000,-13.3117994748981
10593100000,-12.8103152022148
10593200000,-12.5403454926315
10593300000,-12.9670029297178
10593400000,-12.7737312934249
10593500000,-12.6960064994895
10593600000,-12.7698999246361
10593700000,-12.6702153978592
10593800000,-12.7080949572465
10593900000,-12.9262908009815
10594000000,-12.4497247253127
10594100000,-13.0608302265223
10594200000,-12.6313470098786
10594300000,-12.5135949924465
10594400000,-12.5895396195913
10594500000,-12.6758641060484
10594600000,-12.7577771873901
10594700000,-13.2353590480207
10594800000,-12.3822321253048
10594900000,-12.800769080906
10595000000,-12.8012165604163
10595100000,-13.109677144349
10595200000,-12.445512982672
10595300000,-13.1417913424256
10595400000,-12.7326258616288
10595500000,-12.847777620314
10595600000,-12.956732888832
10595700000,-12.3543370486117
10595800000,-12.8920509340362
10595900000,-12.6745799691523
10596000000,-12.6319929945056
10596100000,-12.8331364052272
10596200000,-13.159090004874
10596300000,-12.7090414033031
10596400000,-12.5853330760063
10596500000,-12.8563850843617
10596600000,-13.0654703916615
10596700000,-12.7695316966976
10596800000,-12.7223684585785
10596900000,-12.8710809404114
10597000000,-12.6005083639414
10597100000,-13.4024869958291
10597200000,-12.8650752281313
10597300000,-12.9083823402526
10597400000,-12.9910383270408
10597500000,-12.7770022522539
10597600000,-13.2237196274922
10597700000,-12.8127389137365
10597800000,-12.7235285042493
10597900000,-13.1539665202577
10598000000,-13.2415614797766
10598100000,-12.7471912201428
10598200000,-12.9309253232064
10598300000,-12.6959824328248
10598400000,-12.8518901262879
10598500000,-12.6902079849432
10598600000,-13.0498645055533
10598700000,-12.7142254757999
10598800000,-13.1052566467794
10598900000,-12.9412197884464
10599000000,-12.784602408473
10599100000,-12.8029946066153
10599200000,-12.9496893674373
10599300000,-12.4629913104931
10599400000,-12.592833588581
10599500000,-12.815145465512
10599600000,-13.0338197976551
10599700000,-13.1927545748732
10599800000,-13.1771587137074
10599900000,-12.4131183750768
10600000000,-12.7928275736942
10600100000,-12.9159041024881
10600200000,-13.3336312060603
10600300000,-13.3927689777239
10600400000,-12.9323958513502
10600500000,-12.6569042428187
10600600000,-13.3322101088647
10600700000,-13.2512568022452
10600800000,-12.9979685360099
10600900000,-13.1827436250073
10601000000,-13.5772010177594
10601100000,-13.5475866849134
10601200000,-13.1568801548101
10601300000,-12.5869522910123
10601400000,-13.5767674394039
10601500000,-13.192968949392
10601600000,-12.759877900935
10601700000,-13.0166425033087
10601800000,-12.8897365080119
10601900000,-13.0593138956447
10602000000,-12.9007511916949
10602100000,-12.9614802195235
10602200000,-13.0594763753387
10602300000,-13.321443008968
10602400000,-13.1200846794202
10602500000,-13.1846580447555
10602600000,-13.6198663417704
10602700000,-12.8860492661055
10602800000,-13.0015094109916
10602900000,-12.8692113201658
10603000000,-13.3379491723227
10603100000,-13.0623853878646
10603200000,-13.5340053964433
10603300000,-12.8113752165216
10603400000,-13.1884751050136
10603500000,-13.4995728721656
10603600000,-13.1457803737286
10603700000,-13.0406024308264
10603800000,-13.3888025061536
10603900000,-13.1013354001286
10604000000,-13.7702749312023
10604100000,-12.7004373934068
10604200000,-13.1127575455813
10604300000,-13.102797778865
10604400000,-13.5726174434852
10604500000,-13.4683948565264
10604600000,-12.8731250444583
10604700000,-13.1836408124652
10604800000,-13.0882138809166
10604900000,-13.5772672071805
10605000000,-13.5682838598441
10605100000,-13.4639606491057
10605200000,-13.8740991331147
10605300000,-13.4843022658928
10605400000,-13.6315910899267
10605500000,-13.5284280063267
10605600000,-13.5260725088713
10605700000,-13.083163761115
10605800000,-13.3135336369269
10605900000,-13.4504609428858
10606000000,-13.0438169584726
10606100000,-13.5880954176987
10606200000,-13.2502130167778
10606300000,-12.8071097216744
10606400000,-13.534998401849
10606500000,-13.2951196926716
10606600000,-13.2931623109127
10606700000,-13.4638873994185
10606800000,-13.1167262632196
10606900000,-13.6975096293001
10607000000,-13.7817803144821
10607100000,-12.6806325491196
10607200000,-13.3988141803013
10607300000,-13.2536961766013
10607400000,-14.0455615216654
10607500000,-13.6858298058644
10607600000,-13.2226946648412
10607700000,-13.1825718482367
10607800000,-13.5395486745602
10607900000,-14.1626536452705
10608000000,-13.3085031471758
10608100000,-14.027017782941
10608200000,-13.827455456751
10608300000,-13.2418552333311
10608400000,-13.1971087927128
10608500000,-13.3772634667187
10608600000,-13.1366571989195
10608700000,-13.3602070469578
10608800000,-13.4808046435838
10608900000,-13.579308831389
10609000000,-13.4032956094297
10609100000,-13.0811705564791
10609200000,-14.1196133158761
10609300000,-13.3714551111795
10609400000,-12.9955830668345
10609500000,-13.6485819217554
10609600000,-13.2061733023367
10609700000,-13.0818319468065
10609800000,-13.3973312917587
10609900000,-13.7718190333447
10610000000,-13.6057497388722
10610100000,-13.1087809255415
10610200000,-13.3918459397994
10610300000,-13.6167100591836
10610400000,-13.7490400132208
10610500000,-13.4945624249423
10610600000,-13.6152789247669
10610700000,-13.4865539558242
10610800000,-13.0535278667513
10610900000,-13.1789017441932
10611000000,-12.9876803459563
10611100000,-13.6193740927092
10611200000,-13.4066550612862
10611300000,-13.1935158853109
10611400000,-13.8573560910745
10611500000,-13.3098027097765
10611600000,-13.5641874377273
10611700000,-13.7380596213975
10611800000,-13.4754611428011
10611900000,-13.5469073213318
10612000000,-13.5001152884691
10612100000,-14.0087274936558
10612200000,-13.748111042076
10612300000,-12.9400592124125
10612400000,-13.9180216311964
10612500000,-13.081745745387
10612600000,-13.5367451750226
10612700000,-13.6765505518707
10612800000,-13.8605432333324
10612900000,-13.1283424498986
10613000000,-13.914051351206
10613100000,-13.5421921286582
10613200000,-13.75284497755
10613300000,-13.0058793066525
10613400000,-13.1228388560034
10613500000,-13.9548912546433
10613600000,-13.1257337102655
10613700000,-14.0638845513328
10613800000,-13.5194791893769
10613900000,-13.6593594760754
10614000000,-14.2380391263406
10614100000,-14.0226253782554
10614200000,-14.0607321058918
10614300000,-12.8854199432935
10614400000,-13.0549376112758
10614500000,-13.5241971314599
10614600000,-13.8268836095182
10614700000,-13.7469847048753
10614800000,-12.8859313229356
10614900000,-13.6961177435472
10615000000,-12.9369718254071
10615100000,-13.3308548858743
10615200000,-13.3550218042342
10615300000,-13.4862289907847
10615400000,-13.3814477911596
10615500000,-13.4276842161149
10615600000,-13.2073921032871
10615700000,-13.7404087018944
10615800000,-13.4265021342654
10615900000,-13.7372542341062
10616000000,-13.3465256157392
10616100000,-13.5445845213329
10616200000,-12.801590590899
10616300000,-13.1716504500534
10616400000,-13.1029297284713
10616500000,-13.5731279479116
10616600000,-13.6038823334351
10616700000,-13.2626014671731
10616800000,-13.6296182518229
10616900000,-13.6419899553925
10617000000,-13.5135940619663
10617100000,-13.2013322080273
10617200000,-13.7049446179204
10617300000,-13.3049388931695
10617400000,-12.9474025781116
10617500000,-13.0993045458448
10617600000,-12.9437489985114
10617700000,-13.7867116403954
10617800000,-13.8637869564157
10617900000,-13.44528978461
10618000000,-13.4781641942741
10618100000,-13.2675601080864
10618200000,-13.6495436071301
10618300000,-13.5713194141563
10618400000,-12.890682702553
10618500000,-13.3924657342976
10618600000,-13.4407382024849
10618700000,-13.3365771187466
10618800000,-13.2978093070718
10618900000,-13.6073265161545
10619000000,-13.2841434164097
10619100000,-12.956067178731
10619200000,-13.4085629559887
10619300000,-13.432775815802
10619400000,-13.2707836542091
10619500000,-13.1656301770632
10619600000,-13.1484952664785
10619700000,-13.3458742998223
10619800000,-13.3749219097647
10619900000,-13.669309743591
10620000000,-13.5449617500704
10620100000,-13.1632346978743
10620200000,-12.9770556977731
10620300000,-13.2238939134138
10620400000,-13.3894669314932
10620500000,-13.246243518124
10620600000,-13.3013130014502
10620700000,-13.4991200389467
10620800000,-13.3745004779896
10620900000,-12.841887150964
10621000000,-13.049056136895
10621100000,-13.274585633075
10621200000,-13.4977343358637
10621300000,-13.2149420818483
10621400000,-13.358463772454
10621500000,-12.9242967550014
10621600000,-12.5903041790886
10621700000,-13.1185749653728
10621800000,-13.3069464741735
10621900000,-13.3064062030778
10622000000,-13.7308924120038
10622100000,-12.875049221942
10622200000,-13.1677004274288
10622300000,-12.9436163661013
10622400000,-13.3072990945274
10622500000,-13.4604844364147
10622600000,-13.422915303814
10622700000,-13.5591872064556
10622800000,-13.5147960784498
10622900000,-13.2082743789479
10623000000,-13.049018608643
10623100000,-13.0698625345201
10623200000,-13.3961857543088
10623300000,-12.947073863175
10623400000,-13.484712118174
10623500000,-12.8584681538069
10623600000,-13.1611943977037
10623700000,-13.2653430492298
10623800000,-13.2470737619183
10623900000,-12.9291331592424
10624000000,-13.1404316784956
10624100000,-13.2051813268535
10624200000,-13.0379874019038
10624300000,-13.2953330082998
10624400000,-13.452196399053
10624500000,-13.4376410205329
10624600000,-12.5811335319157
10624700000,-13.0015511130052
10624800000,-13.0207454896413
10624900000,-13.4075607051889
10625000000,-13.138221399347
10625100000,-12.7001298096355
10625200000,-13.2430017431367
10625300000,-13.725669606496
10625400000,-12.7448398512852
10625500000,-13.1105551568344
10625600000,-13.5409698820654
10625700000,-13.1992090054248
10625800000,-12.8079464767659
10625900000,-13.9678823135959
10626000000,-13.5386930553562
10626100000,-13.5665618973851
10626200000,-12.9291417588611
10626300000,-13.607781691315
10626400000,-13.415986298124
10626500000,-13.172969707837
10626600000,-12.809544988694
10626700000,-13.3219140813106
10626800000,-13.3601707056378
10626900000,-13.3756344374107
10627000000,-13.3510314771584
10627100000,-13.3338438630698
10627200000,-13.3162223667185
10627300000,-12.6742531306096
10627400000,-13.4684427162858
10627500000,-13.1969772620966
10627600000,-13.2313142681466
10627700000,-13.1315202227923
10627800000,-12.9541138604323
10627900000,-12.8423337367033
10628000000,-13.2088329682353
10628100000,-13.3255801153883
10628200000,-12.668540589827
10628300000,-13.1209985804388
10628400000,-13.1181377095972
10628500000,-12.8551603986295
10628600000,-13.5431347185627
10628700000,-13.4763619218307
10628800000,-13.796853887277
10628900000,-13.6468493204601
10629000000,-13.1738215808779
10629100000,-13.4073795528793
10629200000,-14.090871585006
10629300000,-13.1709020521117
10629400000,-13.4421102600985
10629500000,-13.0316246361359
10629600000,-13.2874187605318
10629700000,-13.4681513604235
10629800000,-13.5822792697092
10629900000,-13.3405992817885
10630000000,-12.9245570650136
10630100000,-13.0872822523177
10630200000,-13.3864938187984
10630300000,-13.1697200005137
10630400000,-13.1776982286921
10630500000,-13.4704627565112
10630600000,-13.2486911075154
10630700000,-13.2621787441513
10630800000,-13.4780549479915
10630900000,-13.0618978599864
10631000000,-13.5268953317772
10631100000,-13.4629290465148
10631200000,-13.0401842188839
10631300000,-13.6612712578844
10631400000,-13.6769702889503
10631500000,-13.014594915815
10631600000,-13.2613259802644
10631700000,-13.3628814698614
10631800000,-13.3046426715105
10631900000,-13.1441937832269
10632000000,-13.3523885475188
10632100000,-12.7726370467452
10632200000,-13.4533540715123
10632300000,-13.094381863963
10632400000,-13.1119453819405
10632500000,-12.9686828967878
10632600000,-13.2446229034979
10632700000,-13.7703240212932
10632800000,-13.1225668569008
10632900000,-13.4657743762443
10633000000,-13.2792495718545
10633100000,-13.5879868312727
10633200000,-13.6032836825418
10633300000,-13.0707320913653
10633400000,-13.1675092492495
10633500000,-13.857793850295
10633600000,-13.5314288051761
10633700000,-12.9862558099125
10633800000,-13.2618891508917
10633900000,-12.850177479283
10634000000,-13.7474943188845
10634100000,-13.5496337286606
10634200000,-13.3393172905837
10634300000,-13.0885910367639
10634400000,-13.4105949239355
10634500000,-13.4997933227707
10634600000,-12.7354249292648
10634700000,-13.1748390874019
10634800000,-13.2064082905738
10634900000,-12.9468442652689
10635000000,-13.0358451113718
10635100000,-12.9706643822027
10635200000,-13.5967283443431
10635300000,-13.5327332629856
10635400000,-13.1513286819214
10635500000,-12.8453514291879
10635600000,-13.1339320644169
10635700000,-13.2282506346238
10635800000,-12.73486170572
10635900000,-13.2360256531131
10636000000,-13.2838456351531
10636100000,-13.3823283878083
10636200000,-13.2342370531248
10636300000,-13.5156057185893
10636400000,-13.4980572040661
10636500000,-13.188792600216
10636600000,-13.2760931170823
10636700000,-13.1412047811592
10636800000,-13.109074552862
10636900000,-13.6471623996171
10637000000,-13.0433101637654
10637100000,-13.5132062618582
10637200000,-12.9978135788218
10637300000,-12.9017881370151
10637400000,-13.2474542815734
10637500000,-13.1876116231061
10637600000,-12.9846951341378
10637700000,-13.0404149994909
10637800000,-12.9421340421602
10637900000,-13.0836641036181
10638000000,-13.2878007640322
10638100000,-13.343472407239
10638200000,-13.1901965429438
10638300000,-12.8038210532114
10638400000,-13.2429369465723
10638500000,-12.853878135295
10638600000,-13.0255173342684
10638700000,-13.3261966312033
10638800000,-13.4267517564989
10638900000,-13.1931215656384
10639000000,-13.0713968369265
10639100000,-13.151641873297
10639200000,-12.4861463210266
10639300000,-13.2947927981572
10639400000,-13.0734611818936
10639500000,-13.726935751579
10639600000,-13.1642980192273
10639700000,-13.3240301245855
10639800000,-13.0257293778161
10639900000,-13.691273442387
10640000000,-12.9788656602553
10640100000,-13.6435791992683
10640200000,-12.8662750665129
10640300000,-12.809697665636
10640400000,-13.3003053501062
10640500000,-13.1466933758307
10640600000,-12.6545853048141
10640700000,-12.9314649433562
10640800000,-12.7772639573129
10640900000,-13.4215739065492
10641000000,-13.391491479602
10641100000,-12.9934602453625
10641200000,-12.9917021785695
10641300000,-13.1445742320686
10641400000,-12.8291176169545
10641500000,-12.8386137038573
10641600000,-13.2600010198736
10641700000,-13.3932596982298
10641800000,-13.1116546929433
10641900000,-13.5175515553714
10642000000,-12.8203551238545
10642100000,-13.155371293393
10642200000,-12.5809094302724
10642300000,-13.4173277955008
10642400000,-14.039690129771
10642500000,-12.6322327480816
10642600000,-13.1844898460694
10642700000,-13.1611419314661
10642800000,-13.2308306109022
10642900000,-13.1293002149066
10643000000,-12.7735259264965
10643100000,-12.7820399625518
10643200000,-13.2377502638772
10643300000,-13.9303027661718
10643400000,-12.8090399821699
10643500000,-12.7904201455844
10643600000,-13.2848107820261
10643700000,-13.1923893207017
10643800000,-13.1020466935093
10643900000,-13.1920101133756
10644000000,-13.518625701684
10644100000,-13.0831377745432
10644200000,-12.7035323245334
10644300000,-13.0326915135435
10644400000,-13.1223700650535
10644500000,-13.029580553295
10644600000,-13.0695390384419
10644700000,-12.9515617516769
10644800000,-13.2349541083991
10644900000,-12.7827035353929
10645000000,-12.5611582601027
10645100000,-13.0463305903428
10645200000,-12.7632245170736
10645300000,-13.0612144772905
10645400000,-13.1171912921723
10645500000,-12.8198686571873
10645600000,-12.8854370292272
10645700000,-13.0617626724277
10645800000,-13.3872197449922
10645900000,-12.9006080482777
10646000000,-13.3626593637758
10646100000,-12.8748820937461
10646200000,-12.9852681422622
10646300000,-13.0602801952878
10646400000,-13.1498001349936
10646500000,-13.0294163440877
10646600000,-12.6730643341863
10646700000,-12.9704872554666
10646800000,-13.376840480197
10646900000,-12.6583305824271
10647000000,-12.9797244896537
10647100000,-12.9252439487049
10647200000,-13.2190193678535
10647300000,-12.8256893202671
10647400000,-13.0845917135143
10647500000,-12.868584266879
10647600000,-13.0747446259819
10647700000,-12.7846310624472
10647800000,-12.773378367884
10647900000,-12.9715507222695
10648000000,-12.9378781758915
10648100000,-13.1226076480947
10648200000,-13.2816935631544
10648300000,-13.1134112570462
10648400000,-13.4684086461972
10648500000,-13.0647730714694
10648600000,-12.5898750860767
10648700000,-13.2135309866746
10648800000,-13.0169014486736
10648900000,-13.3808691109478
10649000000,-12.8832625043082
10649100000,-13.2621706108758
10649200000,-13.4394793189722
10649300000,-12.7842922193421
10649400000,-13.1637622672634
10649500000,-12.6025182476307
10649600000,-13.9569634064813
10649700000,-13.153304483324
10649800000,-13.667722005969
10649900000,-12.8192080983456
10650000000,-13.3926831208363
10650100000,-13.313969894038
10650200000,-12.9333619503298
10650300000,-12.8022124746271
10650400000,-12.7887809105366
10650500000,-13.1862692480987
10650600000,-13.056068994256
10650700000,-13.4805423296441
10650800000,-13.9865803363992
10650900000,-13.2909969555564
10651000000,-13.1511374189329
10651100000,-13.0581674746936
10651200000,-13.1395436594829
10651300000,-13.4945852506697
10651400000,-13.3398490833093
10651500000,-13.3684490886258
10651600000,-13.6240020667457
10651700000,-13.144826643652
10651800000,-13.7024138627487
10651900000,-13.6294575840071
10652000000,-13.2901025588983
10652100000,-12.8938140694561
10652200000,-13.5662688964161
10652300000,-13.283474981456
10652400000,-13.0758255644383
10652500000,-13.7796576667868
10652600000,-13.0733466837963
10652700000,-12.7113815928007
10652800000,-13.2983244808182
10652900000,-13.7237569654635
10653000000,-12.9075992320515
10653100000,-13.682180788264
10653200000,-13.1352632555398
10653300000,-12.7589504222738
10653400000,-13.0600653972237
10653500000,-13.2003172679901
10653600000,-13.7297687995511
10653700000,-13.5620197543829
10653800000,-13.4699718080036
10653900000,-13.302769874368
10654000000,-13.1546381467896
10654100000,-13.4137977410607
10654200000,-13.5022523880852
10654300000,-12.7392940639536
10654400000,-13.0896119302222
10654500000,-13.1177820600521
10654600000,-13.9992057848274
10654700000,-13.2428680780126
10654800000,-13.181245632364
10654900000,-13.1531952986716
10655000000,-13.2003004535291
10655100000,-13.6404654170158
10655200000,-13.3936810990322
10655300000,-13.484295449778
10655400000,-13.0182042787399
10655500000,-13.5644841994013
10655600000,-13.4734287862759
10655700000,-13.8647995408145
10655800000,-12.924452115408
10655900000,-13.7230691102048
10656000000,-13.1755512078922
10656100000,-13.2262830242232
10656200000,-13.713387005617
10656300000,-13.5058366528201
10656400000,-13.5990991492997
10656500000,-13.4621319459414
10656600000,-13.115404544559
10656700000,-12.7185224799806
10656800000,-13.2356945473581
10656900000,-12.8946816759006
10657000000,-13.5726362752161
10657100000,-12.9004094841896
10657200000,-13.3875004419511
10657300000,-13.4643406302297
10657400000,-13.1502486541929
10657500000,-13.5116935383127
10657600000,-13.2691646145198
10657700000,-13.3993850852635
10657800000,-13.2866498644826
10657900000,-13.7449357773463
10658000000,-13.3223764332676
10658100000,-13.3642746358344
10658200000,-13.5186016840563
10658300000,-13.498890944182
10658400000,-13.840163712564
10658500000,-13.1680253068852
10658600000,-13.560591593081
10658700000,-13.9474065563344
10658800000,-13.4004519134809
10658900000,-13.4480405094689
10659000000,-13.6059764378169
10659100000,-13.3078546687573
10659200000,-13.4364954209825
10659300000,-13.2513946778494
10659400000,-13.3893572380329
10659500000,-13.331268376756
10659600000,-13.6356121964773
10659700000,-13.7064803743218
10659800000,-13.2678725277087
10659900000,-13.8497387745831
10660000000,-13.5503108065131
10660100000,-13.2648991519433
10660200000,-13.8901569061774
10660300000,-13.7159411201151
10660400000,-13.1844425307021
10660500000,-13.4283747760681
10660600000,-13.9888543211192
10660700000,-13.2338445472964
10660800000,-13.2431772372825
10660900000,-13.9107205422441
10661000000,-13.3302420996443
10661100000,-13.9047245973262
10661200000,-13.9601135494446
10661300000,-13.1472836662228
10661400000,-13.5148795541093
10661500000,-13.4971911112049
10661600000,-13.1535729881139
10661700000,-13.4399103746682
10661800000,-13.7219937318966
10661900000,-13.6631282584879
10662000000,-13.5324679687678
10662100000,-13.8223759136362
10662200000,-13.5084573245985
10662300000,-13.8711088834579
10662400000,-13.3016865286712
10662500000,-13.525237257435
10662600000,-13.4197804581525
10662700000,-13.4660111604405
10662800000,-13.8431562493485
10662900000,-13.753279632091
10663000000,-13.319904952239
10663100000,-13.2195455403293
10663200000,-12.8193012743429
10663300000,-13.8478830360232
10663400000,-13.6426899347165
10663500000,-13.0829121913176
10663600000,-13.5315618765196
10663700000,-13.5908005261173
10663800000,-13.5527413926866
10663900000,-14.0236231267204
10664000000,-13.9838008024968
10664100000,-13.2281813808797
10664200000,-13.4514626025436
10664300000,-13.5564546380796
10664400000,-13.9270679921085
10664500000,-13.7100011484163
10664600000,-13.6228896823893
10664700000,-13.5148296699834
10664800000,-13.8462409591601
10664900000,-13.6265898741291
10665000000,-13.5069137975947
10665100000,-13.414758013274
10665200000,-13.6530278979615
10665300000,-13.7088192585852
10665400000,-13.6840725046118
10665500000,-13.1517174814491
10665600000,-13.6547961270018
10665700000,-13.6797110900667
10665800000,-13.7866471745475
10665900000,-13.9061010045863
10666000000,-13.3462252522436
10666100000,-13.7065329641706
10666200000,-13.7016921191101
10666300000,-14.0411080916731
10666400000,-13.7265844775345
10666500000,-13.4954930461113
10666600000,-13.8783943464532
10666700000,-13.730198128868
10666800000,-14.0327059130319
10666900000,-13.9496191372489
10667000000,-13.5595023503761
10667100000,-13.5715367864908
10667200000,-13.3630286386002
10667300000,-13.7610350926469
10667400000,-13.6768821678561
10667500000,-14.3686407059791
10667600000,-14.1767770599212
10667700000,-14.0868897931218
10667800000,-14.5629510454782
10667900000,-14.2487538103921
10668000000,-13.4685112187886
10668100000,-13.8275728581677
10668200000,-13.2645710241974
10668300000,-13.6074716559696
10668400000,-14.0749617069756
10668500000,-14.1791489933791
10668600000,-13.7581389314466
10668700000,-13.8594465413242
10668800000,-13.7824950394236
10668900000,-14.0805251107197
10669000000,-14.3619310895882
10669100000,-14.0466157384359
10669200000,-13.7854100069146
10669300000,-13.9233174377396
10669400000,-14.2866808851873
10669500000,-13.8580541126365
10669600000,-14.1848511836152
10669700000,-13.5002022748509
10669800000,-14.3588434813885
10669900000,-14.332812713704
10670000000,-13.9842560829968
10670100000,-14.1738621430228
10670200000,-13.7081271874853
10670300000,-14.2531193817531
10670400000,-13.6593787243039
10670500000,-13.8370344673144
10670600000,-14.7787869469783
10670700000,-14.3405932380382
10670800000,-14.2553896325015
10670900000,-14.0787057347604
10671000000,-13.8909159210675
10671100000,-13.8217589806155
10671200000,-14.5199208930488
10671300000,-14.170638553846
10671400000,-13.9978364209875
10671500000,-13.8576035846325
10671600000,-14.4810401466432
10671700000,-13.9391309225057
10671800000,-14.4833172596799
10671900000,-13.6332723108532
10672000000,-14.1673120260666
10672100000,-14.0667309562078
10672200000,-14.4544301141144
10672300000,-14.2656408812841
10672400000,-14.1979820056882
10672500000,-14.254172538702
10672600000,-13.8097628846105
10672700000,-14.6452598542119
10672800000,-14.7724952241917
10672900000,-14.2832925916735
10673000000,-14.9882679900272
10673100000,-13.8457247224594
10673200000,-14.6444510578386
10673300000,-14.5827651799339
10673400000,-14.2863222065596
10673500000,-14.1987337090076
10673600000,-14.7774777627391
10673700000,-14.1769740053203
10673800000,-14.5172953693068
10673900000,-14.6582314473946
10674000000,-15.2288645301034
10674100000,-14.5926623286633
10674200000,-14.8293920909052
10674300000,-14.6755413041207
10674400000,-14.5448281461289
10674500000,-15.1614126835293
10674600000,-14.158504509708
10674700000,-14.8298848897304
10674800000,-14.5383952865779
10674900000,-15.0389834055617
10675000000,-14.9642160860933
10675100000,-14.8702389602881
10675200000,-14.5438972757455
10675300000,-14.5693719741518
10675400000,-14.7629393751455
10675500000,-14.7106447525559
10675600000,-15.0450807888006
10675700000,-14.5960918012034
10675800000,-14.9916211008202
10675900000,-14.4936867469056
10676000000,-14.0067283976424
10676100000,-14.6732489381141
10676200000,-14.8373481801751
10676300000,-14.4862563681325
10676400000,-14.4649804258921
10676500000,-14.7723649212544
10676600000,-14.8398987744643
10676700000,-14.3303836667339
10676800000,-14.8696652768844
10676900000,-14.5646630502805
10677000000,-14.7766141429252
10677100000,-14.1332946947541
10677200000,-14.7398088169985
10677300000,-14.2757397649135
10677400000,-14.437382493507
10677500000,-14.8757588160475
10677600000,-14.5740698895528
10677700000,-14.7739460032518
10677800000,-14.124109122074
10677900000,-15.2124495834608
10678000000,-14.1765919290766
10678100000,-14.9181606363731
10678200000,-14.9044271626172
10678300000,-14.5726819865711
10678400000,-14.3736946974801
10678500000,-14.6470099504535
10678600000,-14.6228572294815
10678700000,-14.4759245960259
10678800000,-14.6750545440612
10678900000,-15.5046911564937
10679000000,-14.0631779104441
10679100000,-14.7996295283553
10679200000,-14.5233164800481
10679300000,-14.6849195485543
10679400000,-14.9682554652134
10679500000,-15.081384276107
10679600000,-14.3453780571618
10679700000,-14.4882203239364
10679800000,-14.4297196524543
10679900000,-15.1035234604425
10680000000,-14.7509934324041
10680100000,-15.3013800895275
10680200000,-14.7631743722009
10680300000,-14.4183851054465
10680400000,-15.0185152569155
10680500000,-13.9116070826803
10680600000,-15.1565007752891
10680700000,-14.455593820697
10680800000,-14.3556750165216
10680900000,-15.021469712986
10681000000,-14.4332680206579
10681100000,-14.5155963156291
10681200000,-14.9084099768977
10681300000,-14.939162417896
10681400000,-15.2998887812218
10681500000,-14.8846169556847
10681600000,-14.3690400397161
10681700000,-14.5798234616572
10681800000,-14.5369929974494
10681900000,-14.8480502473369
10682000000,-14.6123300525208
10682100000,-15.0406068908091
10682200000,-14.9290359128813
10682300000,-14.2999678223499
10682400000,-14.6141324353151
10682500000,-14.5049972203515
10682600000,-14.3620208618103
10682700000,-14.6684022838053
10682800000,-15.1037321873571
10682900000,-14.6908231661814
10683000000,-14.8577559457208
10683100000,-14.4568449213883
10683200000,-14.4571794709864
10683300000,-14.5840331825906
10683400000,-14.8976002307444
10683500000,-14.9717750331775
10683600000,-14.6171437486691
10683700000,-14.3877441591628
10683800000,-14.5115020065123
10683900000,-15.0644317581073
10684000000,-15.0560063652238
10684100000,-14.8543412615305
10684200000,-14.7038448596679
10684300000,-15.0825846161879
10684400000,-14.4646242056327
10684500000,-14.472461189986
10684600000,-14.3371422921284
10684700000,-14.7940855771206
10684800000,-14.6698671069235
10684900000,-14.238199331129
10685000000,-14.6939364495143
10685100000,-14.5423610413814
10685200000,-14.494558323387
10685300000,-14.9874256239222
10685400000,-14.7701579072775
10685500000,-14.6280921578907
10685600000,-14.5885099054119
10685700000,-14.00482583593
10685800000,-14.5439248104407
10685900000,-14.3016040544544
10686000000,-14.5308641202348
10686100000,-14.7030928603299
10686200000,-14.8428904348621
10686300000,-14.5972580375353
10686400000,-14.1820659372858
10686500000,-15.4071656671574
10686600000,-14.9257533527329
10686700000,-14.436501320098
10686800000,-14.5457180421492
10686900000,-14.5288630614006
10687000000,-15.1203183360028
10687100000,-13.9607443891986
10687200000,-14.0239594305114
10687300000,-14.7024306002472
10687400000,-14.5168265257645
10687500000,-13.994080304211
10687600000,-14.3868402965147
10687700000,-15.0195083223606
10687800000,-14.4417607106887
10687900000,-13.9607926227959
10688000000,-14.4353756469853
10688100000,-13.9767640828146
10688200000,-14.1127851860315
10688300000,-14.5040148742078
10688400000,-14.3575387202705
10688500000,-14.2610627596948
10688600000,-14.1812171701396
10688700000,-13.8738235412164
10688800000,-13.9553401661924
10688900000,-14.2781765354325
10689000000,-14.4230591406064
10689100000,-14.4670795128391
10689200000,-13.9953292057406
10689300000,-14.4571885247101
10689400000,-14.3525712312347
10689500000,-14.9316997241229
10689600000,-14.860690888676
10689700000,-14.3828160476068
10689800000,-14.5861695229618
10689900000,-13.6736646740813
10690000000,-14.3128619161062
10690100000,-14.6829220983789
10690200000,-14.08000571409
10690300000,-13.9137740489566
10690400000,-13.3700267182541
10690500000,-14.4506351532158
10690600000,-14.0832805529385
10690700000,-14.0442115386102
10690800000,-14.4878398152463
10690900000,-13.6702216114581
10691000000,-13.954742521779
10691100000,-14.3327005378879
10691200000,-14.0074368568301
10691300000,-14.372672639793
10691400000,-14.480194802163
10691500000,-13.8798154364899
10691600000,-14.3037284411791
10691700000,-14.5646661979305
10691800000,-14.0622553864967
10691900000,-13.943731588484
10692000000,-13.9459879587763
10692100000,-14.1505843916622
10692200000,-14.5395584827249
10692300000,-14.4590491912387
10692400000,-14.0076579821499
10692500000,-14.0286949440844
10692600000,-14.0808759651431
10692700000,-14.4451003706682
10692800000,-13.818076419967
10692900000,-14.073445554751
10693000000,-13.7383823793181
10693100000,-13.4039441251609
10693200000,-13.4577395917593
10693300000,-14.1673338776864
10693400000,-14.2000674700685
10693500000,-13.5397541192075
10693600000,-13.9035021667009
10693700000,-13.8611290694364
10693800000,-14.1550532621758
10693900000,-13.3013425811658
10694000000,-14.0514516812945
10694100000,-14.0115455887603
10694200000,-13.3856733710468
10694300000,-14.0509483031519
10694400000,-13.7910944107183
10694500000,-13.4163645185668
10694600000,-13.8753271595604
10694700000,-13.6350999521955
10694800000,-13.3538266616057
10694900000,-14.0839790323328
10695000000,-14.2086502496457
10695100000,-13.8602868204829
10695200000,-13.5438754747816
10695300000,-13.7195656099701
10695400000,-14.4758730828357
10695500000,-13.9833185654452
10695600000,-13.9983988808209
10695700000,-13.9024421864328
10695800000,-14.379063919266
10695900000,-13.8028011277794
10696000000,-13.6347023982013
10696100000,-14.0850270050531
10696200000,-14.2282012535818
10696300000,-13.3195561037003
10696400000,-13.441894463011
10696500000,-13.3418732763157
10696600000,-13.614743974736
10696700000,-13.9831810391449
10696800000,-14.0239529707786
10696900000,-14.1021143390412
10697000000,-13.3604538128781
10697100000,-13.7916815528363
10697200000,-14.104220795771
10697300000,-13.7793500470461
10697400000,-13.7436935290455
10697500000,-13.3969599137279
10697600000,-14.1146067376496
10697700000,-13.8801765229979
10697800000,-13.679133925025
10697900000,-13.501778979388
10698000000,-13.8934069364611
10698100000,-13.6569132132603
10698200000,-13.444562057988
10698300000,-13.9463710077843
10698400000,-13.4949340632047
10698500000,-13.534661388702
10698600000,-14.032165268516
10698700000,-13.9287570908401
10698800000,-13.2245048004557
10698900000,-13.6271528506235
10699000000,-14.1171111439899
10699100000,-13.6203031592552
10699200000,-13.4545453682379
10699300000,-13.7472900709707
10699400000,-13.5246686840778
10699500000,-13.4207407351503
10699600000,-13.164452946694
10699700000,-14.1797557987734
10699800000,-13.8703843584874
10699900000,-13.0060077005742
10700000000,-13.784961583496
10700100000,-13.8733020169107
10700200000,-13.9169326787396
10700300000,-14.068335795411
10700400000,-13.6342431552839
10700500000,-13.8606376800886
10700600000,-14.04526941109
10700700000,-13.5983805206144
10700800000,-13.6255303262279
10700900000,-13.5932136650402
10701000000,-14.0293381340155
10701100000,-13.6208590669595
10701200000,-13.4159144965335
10701300000,-13.2538805037818
10701400000,-13.4899795857318
10701500000,-14.4064434883891
10701600000,-13.9302094562284
10701700000,-13.8330608077723
10701800000,-13.3524842145841
10701900000,-13.0292684696816
10702000000,-13.9767423546227
10702100000,-13.3412811720472
10702200000,-13.5552283904695
10702300000,-13.9816464925195
10702400000,-13.7461668281411
10702500000,-13.7527800082273
10702600000,-13.3930126520597
10702700000,-13.560045598536
10702800000,-14.1690047984738
10702900000,-13.4926355826509
10703000000,-14.2845761805867
10703100000,-13.5087009501556
10703200000,-13.9561993563009
10703300000,-13.7757535529387
10703400000,-13.73611186932
10703500000,-13.6638194400508
10703600000,-13.467648083283
10703700000,-14.0218561956245
10703800000,-13.5695525295142
10703900000,-13.1413671632028
10704000000,-13.5096736467103
10704100000,-13.6162977169294
10704200000,-13.6235223745347
10704300000,-13.378001574831
10704400000,-13.9112949066535
10704500000,-13.9791831198818
10704600000,-13.8034038034072
10704700000,-14.2539706682936
10704800000,-13.5133028374506
10704900000,-13.3340544941494
10705000000,-13.7291448339747
10705100000,-13.9450178356504
10705200000,-13.5753245708973
10705300000,-13.5278211252895
10705400000,-13.7334317348121
10705500000,-13.9174544901955
10705600000,-13.2105138001952
10705700000,-13.763897772441
10705800000,-13.6335823553149
10705900000,-13.5029228974313
10706000000,-14.0862103597894
10706100000,-13.5375953211888
10706200000,-13.7130171765889
10706300000,-13.4381305420507
10706400000,-13.4896100341389
10706500000,-13.2567417714825
10706600000,-13.8968900152242
10706700000,-13.3799296169523
10706800000,-13.6882581318828
10706900000,-13.3324658858163
10707000000,-13.9812260012562
10707100000,-14.2026645824435
10707200000,-13.3376293926808
10707300000,-13.287591531994
10707400000,-13.3357340332345
10707500000,-13.2155472602562
10707600000,-13.1538331309879
10707700000,-13.9293101979638
10707800000,-13.5773647581888
10707900000,-13.5015226440217
10708000000,-13.7947423386048
10708100000,-13.580233006421
10708200000,-13.5613689444415
10708300000,-13.3457743337804
10708400000,-13.6193847368956
10708500000,-13.2556646598313
10708600000,-13.5641824380236
10708700000,-13.4723847764594
10708800000,-13.5185074255498
10708900000,-13.3575796557494
10709000000,-14.3190362275768
10709100000,-13.5538762637597
10709200000,-13.244638631696
10709300000,-13.8420883394031
10709400000,-13.6260681573839
10709500000,-13.7666703808627
10709600000,-13.3535860724584
10709700000,-13.7813676121866
10709800000,-13.4288591058047
10709900000,-13.6417288079541
10710000000,-13.5439853904794
10710100000,-13.3405236602377
10710200000,-13.4524728128418
10710300000,-13.4139864886412
10710400000,-13.3933894406451
10710500000,-13.1909156531941
10710600000,-13.7300465384153
10710700000,-13.4963158247353
10710800000,-13.3137843671539
10710900000,-13.292505527938
10711000000,-13.3557463643345
10711100000,-13.2915210990426
10711200000,-13.2356242706528
10711300000,-13.2910310295892
10711400000,-12.9901718117945
10711500000,-13.8276575948151
10711600000,-13.6932255166119
10711700000,-13.3895737256975
10711800000,-13.2828650327796
10711900000,-13.5539916466709
10712000000,-13.2885702209964
10712100000,-13.3714989199111
10712200000,-13.2258566353894
10712300000,-13.3563430765831
10712400000,-13.2732034261504
10712500000,-13.5511410324334
10712600000,-13.1232836352881
10712700000,-13.2099720861116
10712800000,-13.066422993309
10712900000,-13.703995874302
10713000000,-13.4491449410953
10713100000,-13.6010854579655
10713200000,-12.8435750018864
10713300000,-13.0516431847182
10713400000,-13.3681385085549
10713500000,-13.5066711768712
10713600000,-13.0218324934692
10713700000,-13.0534492196889
10713800000,-13.3568346465963
10713900000,-12.9356317861792
10714000000,-12.1935682037332
10714100000,-12.9523952657519
10714200000,-13.0659616195948
10714300000,-12.8595267911994
10714400000,-13.0437871872126
10714500000,-13.2664877559721
10714600000,-13.3667093599301
10714700000,-13.2032778550328
10714800000,-13.2988630593952
10714900000,-13.0159473768585
10715000000,-13.0770834078577
10715100000,-13.5197699746961
10715200000,-13.0570370119036
10715300000,-12.9697689654903
10715400000,-12.7918162749739
10715500000,-12.9865661308286
10715600000,-13.0772917651169
10715700000,-13.1892074579885
10715800000,-12.6721419945019
10715900000,-12.4103614190337
10716000000,-13.3918530788422
10716100000,-12.7006570782472
10716200000,-13.2742602235734
10716300000,-13.1276574359857
10716400000,-13.60567981713
10716500000,-12.8769374184757
10716600000,-13.2932226290001
10716700000,-12.6335492956175
10716800000,-12.9326784243526
10716900000,-13.4185725010997
10717000000,-12.7261312920909
10717100000,-12.6775416681465
10717200000,-13.1933729731739
10717300000,-12.7801451933241
10717400000,-13.1623628982382
10717500000,-12.8800352474309
10717600000,-13.0506186565106
10717700000,-12.5294081786948
10717800000,-12.6830581056703
10717900000,-12.8650992997668
10718000000,-12.9458036237409
10718100000,-12.6287615364303
10718200000,-13.1119560519341
10718300000,-12.951855020633
10718400000,-12.5254290431502
10718500000,-12.8518521433287
10718600000,-13.2265056478255
10718700000,-12.8261365320822
10718800000,-13.1641146288778
10718900000,-12.0689667311885
10719000000,-12.503236665318
10719100000,-12.8487462617853
10719200000,-12.8458072830383
10719300000,-13.1129258997638
10719400000,-12.9381132035804
10719500000,-12.9021557785443
10719600000,-12.5382900654765
10719700000,-13.1253659103165
10719800000,-12.6478720017277
10719900000,-13.3312530916813
10720000000,-13.1787259117745
10720100000,-13.0035365887003
10720200000,-12.9663667231704
10720300000,-12.8149076045716
10720400000,-13.0192186003953
10720500000,-12.8382668105252
10720600000,-13.302540912109
10720700000,-12.6946039513503
10720800000,-13.0897273911712
10720900000,-12.9160353428731
10721000000,-12.9551650259483
10721100000,-13.1282465955751
10721200000,-12.9379675357194
10721300000,-13.1332565386372
10721400000,-13.1090702569845
10721500000,-12.8663629696604
10721600000,-12.6364732068031
10721700000,-12.8615115823702
10721800000,-12.9134342854871
10721900000,-12.721058827706
10722000000,-12.1998087103081
10722100000,-13.3395130983665
10722200000,-12.8411030181924
10722300000,-12.9659786273454
10722400000,-12.7894634913144
10722500000,-12.9293197563296
10722600000,-12.9041021493548
10722700000,-12.8364377461608
10722800000,-12.4232075967005
10722900000,-13.2110948605207
10723000000,-12.6347062903824
10723100000,-12.4456040166057
10723200000,-12.8852350278186
10723300000,-12.8646796440989
10723400000,-12.580939593757
10723500000,-12.782704395003
10723600000,-12.7810966077403
10723700000,-12.5072532497081
10723800000,-12.7628600316989
10723900000,-12.8153233625524
10724000000,-13.0350832162123
10724100000,-12.6308559234609
10724200000,-12.7440493869945
10724300000,-12.7150321735346
10724400000,-12.2409330739473
10724500000,-12.8044581500742
10724600000,-12.5661419361077
10724700000,-12.4633683067636
10724800000,-12.8954313778276
10724900000,-12.9444632108193
10725000000,-12.8858631045461
10725100000,-12.5684125161372
10725200000,-12.6785824785081
10725300000,-12.7968024216136
10725400000,-12.7925908417054
10725500000,-12.5229201024845
10725600000,-12.4215798699521
10725700000,-13.0743136160465
10725800000,-12.20505350435
10725900000,-13.0448804642661
10726000000,-12.534111372335
10726100000,-12.9291308396132
10726200000,-12.7684947860339
10726300000,-13.0440820181638
10726400000,-13.0237003971313
10726500000,-12.5924300610463
10726600000,-12.6586670581621
10726700000,-12.382784500051
10726800000,-13.1784837293497
10726900000,-12.6567997879084
10727000000,-13.0828390691005
10727100000,-12.6996545232278
10727200000,-12.6834476839277
10727300000,-12.7444496072579
10727400000,-12.7370926365082
10727500000,-12.960609692931
10727600000,-12.3534253639559
10727700000,-12.4388183018779
10727800000,-12.4291399785275
10727900000,-12.696913344245
10728000000,-12.5082700979333
10728100000,-12.5398163406438
10728200000,-12.3013850925513
10728300000,-12.0288291445369
10728400000,-12.6354797759685
10728500000,-12.6179934889707
10728600000,-12.5155032547312
10728700000,-12.7346694978446
10728800000,-12.8060346283459
10728900000,-12.6645503238384
10729000000,-13.0638040383015
10729100000,-12.4395258117704
10729200000,-12.2580561680621
10729300000,-12.3561856940166
10729400000,-12.9251140337172
10729500000,-12.8163200233046
10729600000,-12.5645420350768
10729700000,-12.4667951115309
10729800000,-12.4249564787129
10729900000,-12.6651029096398
10730000000,-13.0483323289756
10730100000,-12.5675598086837
10730200000,-12.2789684004026
10730300000,-12.8646688032066
10730400000,-12.9476187938252
10730500000,-12.4292041060934
10730600000,-12.3748241863983
10730700000,-12.7472783767441
10730800000,-12.0844964334937
10730900000,-12.5364357763743
10731000000,-12.9475540871745
10731100000,-12.9396384448341
10731200000,-12.8655391204793
10731300000,-12.1846227536176
10731400000,-12.3068534500049
10731500000,-12.8706880545751
10731600000,-12.343719465311
10731700000,-12.2270776871027
10731800000,-12.2558516660493
10731900000,-13.3419447251153
10732000000,-12.9049274234801
10732100000,-12.5487530838623
10732200000,-12.3446785044404
10732300000,-12.1688783551708
10732400000,-12.1451676967413
10732500000,-12.7573490472054
10732600000,-12.9656918194613
10732700000,-12.4351341568088
10732800000,-12.3843578577569
10732900000,-12.3299193951324
10733000000,-12.4636326567667
10733100000,-12.3793648390837
10733200000,-12.5317063195408
10733300000,-12.734188801869
10733400000,-12.5438458157231
10733500000,-12.4125243604248
10733600000,-11.8405872957716
10733700000,-12.6238512346057
10733800000,-12.3828816800061
10733900000,-12.6031537405143
10734000000,-12.3612524284078
10734100000,-12.4768530313017
10734200000,-12.5730693503659
10734300000,-12.48416738433
10734400000,-12.665369059157
10734500000,-12.5605645400774
10734600000,-12.4194301006557
10734700000,-12.4542327195855
10734800000,-12.4227752994505
10734900000,-13.5220835805723
10735000000,-12.3373380130661
10735100000,-12.8833715981303
10735200000,-12.9038076299023
10735300000,-12.185950085099
10735400000,-12.5745344683074
10735500000,-12.0779353762648
10735600000,-12.3336832750192
10735700000,-12.1119697165604
10735800000,-12.7055377955773
10735900000,-12.4243675317935
10736000000,-12.2423754475399
10736100000,-11.9313331301924
10736200000,-12.5584452227301
10736300000,-12.5242588513301
10736400000,-12.6477734796734
10736500000,-12.3438567158286
10736600000,-12.6370211090271
10736700000,-12.0774397831114
10736800000,-12.6137063144619
10736900000,-12.4539024344651
10737000000,-12.481776737019
10737100000,-13.1470330395516
10737200000,-12.7998491032463
10737300000,-12.3011042108473
10737400000,-12.8460673049455
10737500000,-12.3922447712608
10737600000,-12.824586956181
10737700000,-12.2959770058702
10737800000,-12.8190213165834
10737900000,-12.4303528969913
10738000000,-12.6964034576181
10738100000,-12.9463936072083
10738200000,-12.4445681318412
10738300000,-12.5598021715253
10738400000,-12.4575506399661
10738500000,-12.3196130389003
10738600000,-12.8869663605894
10738700000,-12.675074689484
10738800000,-12.7158792341419
10738900000,-13.0583944911106
10739000000,-12.6934538648012
10739100000,-12.2522162654002
10739200000,-12.5906556045103
10739300000,-12.7807458377143
10739400000,-12.3289180410985
10739500000,-12.6158468232944
10739600000,-12.3769593373829
10739700000,-12.8996422410857
10739800000,-12.8085161388783
10739900000,-12.2009091484206
10740000000,-12.1964957302122
10740100000,-12.4669214262477
10740200000,-12.5175905005675
10740300000,-13.0358659985965
10740400000,-12.3632691718326
10740500000,-12.223482058466
10740600000,-12.681119208294
10740700000,-12.3368904982209
10740800000,-12.6021643997179
10740900000,-12.5914599195361
10741000000,-12.8096157433678
10741100000,-12.8798480813419
10741200000,-12.7311841980604
10741300000,-12.8209814429815
10741400000,-12.766158920724
10741500000,-12.2983194192089
10741600000,-12.3642093713634
10741700000,-12.3114581652785
10741800000,-12.8674150072507
10741900000,-12.4207650607805
10742000000,-12.0760579157013
10742100000,-12.5782341969903
10742200000,-12.7770353131723
10742300000,-12.2045832977015
10742400000,-12.3931290954031
10742500000,-12.5703927830829
10742600000,-12.473122725297
10742700000,-13.0419891724481
10742800000,-12.6603528936478
10742900000,-12.7584022057779
10743000000,-12.9075490187103
10743100000,-12.5357771186172
10743200000,-12.4277648913322
10743300000,-12.6039555763725
10743400000,-13.2344669549558
10743500000,-12.0542713943153
10743600000,-12.4279298055538
10743700000,-12.8230012800457
10743800000,-12.8407245335905
10743900000,-12.6363455333216
10744000000,-12.9019420906644
10744100000,-12.6954438017098
10744200000,-12.7782694074096
10744300000,-12.8918540624516
10744400000,-12.5359732781227
10744500000,-13.3354467470494
10744600000,-12.4279362914282
10744700000,-13.1110238114906
10744800000,-13.0660944863915
10744900000,-12.5459461454086
10745000000,-12.8801364461313
10745100000,-12.809524712919
10745200000,-12.3562350867873
10745300000,-12.7259394682474
10745400000,-12.7043486953505
10745500000,-13.1409429336886
10745600000,-12.782595775853
10745700000,-12.5059587413409
10745800000,-12.4999709160734
10745900000,-12.6912708991435
10746000000,-12.899486164253
10746100000,-12.8832038558368
10746200000,-12.5972544124219
10746300000,-12.5882244352353
10746400000,-12.9188858608836
10746500000,-13.2640343488089
10746600000,-12.5938612217038
10746700000,-13.140334918779
10746800000,-12.9948547398885
10746900000,-12.9216351501325
10747000000,-13.0280095669355
10747100000,-12.613934253113
10747200000,-13.0482500760072
10747300000,-12.7485220792521
10747400000,-12.5678708726563
10747500000,-12.251660680667
10747600000,-12.7612452713283
10747700000,-12.6939828440494
10747800000,-12.8552555636546
10747900000,-12.5550741586405
10748000000,-12.6996757182223
10748100000,-12.6946561748534
10748200000,-12.9783361994115
10748300000,-13.1198094716055
10748400000,-12.8886981283263
10748500000,-12.7629650592402
10748600000,-12.7599844474728
10748700000,-12.7936377791903
10748800000,-12.860389293332
10748900000,-13.1314162234215
10749000000,-12.389667226213
10749100000,-12.8471984501934
10749200000,-12.9033886878288
10749300000,-12.5780459584953
10749400000,-12.7409580200579
10749500000,-12.6196260940955
10749600000,-12.8675652200665
10749700000,-12.7056804588279
10749800000,-13.0677872066124
10749900000,-13.2678069976832
10750000000,-13.2464728433912
10750100000,-13.466697020968
10750200000,-13.0406204287439
10750300000,-13.4393239938211
10750400000,-13.2821194356876
10750500000,-12.9945596520969
10750600000,-13.1177935008017
10750700000,-12.6956450657006
10750800000,-13.098404437893
10750900000,-12.8650469433838
10751000000,-12.4152163226313
10751100000,-12.6638891375754
10751200000,-12.6989387715159
10751300000,-12.8698364528236
10751400000,-13.1923283211
10751500000,-12.8578332797686
10751600000,-12.8324549701592
10751700000,-13.0631837853826
10751800000,-13.020247901073
10751900000,-12.7876004590711
10752000000,-13.2003754233788
10752100000,-13.1556488328935
10752200000,-12.4753106660025
10752300000,-12.6557582807982
10752400000,-12.7094427005943
10752500000,-12.7461842205325
10752600000,-12.7470644008925
10752700000,-12.9535178940865
10752800000,-13.1444331039717
10752900000,-12.7282299040085
10753000000,-13.0093980200545
10753100000,-13.0701346611881
10753200000,-12.6788604333431
10753300000,-12.4669255917722
10753400000,-12.9010417270321
10753500000,-12.7529024408794
10753600000,-12.8133413009488
10753700000,-12.8006439015298
10753800000,-13.1956433113293
10753900000,-12.8185662159403
10754000000,-12.8755944886884
10754100000,-12.9137222901504
10754200000,-12.6386030935247
10754300000,-12.7189614668013
10754400000,-12.139889496709
10754500000,-12.7093249290608
10754600000,-12.6766994761323
10754700000,-12.6730166730934
10754800000,-12.6484242821727
10754900000,-12.8418596916737
10755000000,-12.7414064755982
10755100000,-12.6537908782675
10755200000,-12.3874752862552
10755300000,-12.9026009846726
10755400000,-12.3646070422017
10755500000,-12.6397500007767
10755600000,-12.8732012652594
10755700000,-12.9054103439036
10755800000,-12.5853161183211
10755900000,-12.7433370478286
10756000000,-12.7088372818125
10756100000,-12.3254610510826
10756200000,-12.5363343025963
10756300000,-12.7664850097179
10756400000,-12.682612601515
10756500000,-13.0267294688145
10756600000,-12.4312534087899
10756700000,-12.3239859368291
10756800000,-12.8560206065394
10756900000,-12.4479742482604
10757000000,-12.4935711935245
10757100000,-12.4521207488809
10757200000,-12.5545900263896
10757300000,-12.8923399395187
10757400000,-12.5545391630021
10757500000,-12.3306050358411
10757600000,-12.9942430299205
10757700000,-12.1810890337302
10757800000,-12.4372403697348
10757900000,-12.4272895208814
10758000000,-12.5887221736566
10758100000,-12.7520148305624
10758200000,-12.3579766232948
10758300000,-12.7872494165122
10758400000,-12.7157538313842
10758500000,-12.3191780009902
10758600000,-12.5706670750596
10758700000,-12.4478926076355
10758800000,-12.2004972573714
10758900000,-12.3428244770694
10759000000,-12.6861949299576
10759100000,-12.6595843941253
10759200000,-12.5279088747597
10759300000,-12.719374736517
10759400000,-12.1461917302972
10759500000,-12.4217002858471
10759600000,-12.512321017355
10759700000,-12.890213545809
10759800000,-12.0440808919491
10759900000,-12.2396875858382
10760000000,-12.2635575339046
10760100000,-12.8237463298505
10760200000,-12.7159744619061
10760300000,-12.7203196321179
10760400000,-12.3748379610745
10760500000,-12.4829345478232
10760600000,-11.9620141260963
10760700000,-12.4111217526637
10760800000,-12.5519863878884
10760900000,-12.6847244854932
10761000000,-12.638962010347
10761100000,-12.0913550323643
10761200000,-11.9311265818316
10761300000,-12.4152446215941
10761400000,-12.4837775982175
10761500000,-12.1402171601319
10761600000,-12.4047635962971
10761700000,-12.605699144102
10761800000,-12.5000835285702
10761900000,-12.216404199331
10762000000,-12.3265737665286
10762100000,-12.5358195956107
10762200000,-12.17635661682
10762300000,-12.3321165211267
10762400000,-12.6181499448674
10762500000,-12.3542930595638
10762600000,-12.1264823978093
10762700000,-11.9546960597222
10762800000,-12.6954139504788
10762900000,-12.2366097286243
10763000000,-12.0096629190574
10763100000,-12.5196892579668
10763200000,-12.4953013755141
10763300000,-12.265323285794
10763400000,-12.0366092971954
10763500000,-12.201726437526
10763600000,-12.6617407071425
10763700000,-12.1219721147507
10763800000,-12.0519264658946
10763900000,-12.4752539703842
10764000000,-12.1968886951948
10764100000,-12.4145455032436
10764200000,-12.2582885280865
10764300000,-12.3433791627028
10764400000,-12.0872953328042
10764500000,-12.8160946576639
10764600000,-12.0759018083299
10764700000,-12.0175111717715
10764800000,-12.1905846300608
10764900000,-12.1078024963756
10765000000,-12.3402434735446
10765100000,-12.3678789661739
10765200000,-12.4474153840748
10765300000,-12.6384993222717
10765400000,-12.500934082418
10765500000,-12.4297688336652
10765600000,-12.2503022006358
10765700000,-12.0346081529025
10765800000,-12.0889845101355
10765900000,-11.9273162357991
10766000000,-12.2815714361553
10766100000,-11.9876605621063
10766200000,-12.3677355871094
10766300000,-12.2220096333844
10766400000,-12.1551417312299
10766500000,-12.1520098926891
10766600000,-12.062912118
10766700000,-12.2456852568545
10766800000,-12.500072257553
10766900000,-12.0160101097466
10767000000,-12.0854101254748
10767100000,-12.33072903082
10767200000,-12.5741250069658
10767300000,-11.9512666134046
10767400000,-12.1027761518416
10767500000,-12.3232861742487
10767600000,-12.3704446254763
10767700000,-12.3190912287734
10767800000,-12.2959887903378
10767900000,-12.2972828520296
10768000000,-12.1239966383763
10768100000,-12.8383180179954
10768200000,-11.8473393807834
10768300000,-12.5896064440287
10768400000,-12.0607497223334
10768500000,-12.6391187202172
10768600000,-12.1938208855508
10768700000,-12.4422007989643
10768800000,-12.624504029861
10768900000,-11.9379353675919
10769000000,-12.3984145541683
10769100000,-12.2822182775014
10769200000,-12.6224143634553
10769300000,-12.4136858631869
10769400000,-12.7133418856877
10769500000,-12.2392133541059
10769600000,-12.1699285309359
10769700000,-12.6307170643247
10769800000,-12.5362232393218
10769900000,-12.0066162601396
10770000000,-12.5209759187068
10770100000,-12.3498465883564
10770200000,-12.3281566018008
10770300000,-12.2779697769156
10770400000,-12.7149555626876
10770500000,-12.3447741573154
10770600000,-12.4656797033508
10770700000,-12.3458476945859
10770800000,-12.1989444830505
10770900000,-12.3997307607385
10771000000,-12.7311611376963
10771100000,-12.627615431737
10771200000,-12.422968703175
10771300000,-12.3862122031752
10771400000,-12.5635960070637
10771500000,-12.2161108569147
10771600000,-12.0529231249786
10771700000,-12.2354272281717
10771800000,-12.2884213589978
10771900000,-11.9794497202851
10772000000,-12.4024368707019
10772100000,-11.9673832646001
10772200000,-12.3144802611214
10772300000,-12.3166915532717
10772400000,-12.3701596534495
10772500000,-12.4924468517212
10772600000,-12.3297171665674
10772700000,-12.4890881949294
10772800000,-12.6342681337262
10772900000,-12.5101611771554
10773000000,-12.7041023735043
10773100000,-12.7552676198407
10773200000,-12.4281112501493
10773300000,-12.8908519919376
10773400000,-12.6326298317138
10773500000,-12.943712585021
10773600000,-12.35939225206
10773700000,-12.5664865256466
10773800000,-12.5354773227956
10773900000,-13.0688111706836
10774000000,-12.1029710303187
10774100000,-12.6611318491331
10774200000,-12.4422914543204
10774300000,-12.9836867656669
10774400000,-13.0448308495169
10774500000,-12.566260572011
10774600000,-12.2037455909089
10774700000,-12.7599879038658
10774800000,-12.7792701461327
10774900000,-12.7414069734064
10775000000,-12.6659246236726
10775100000,-12.587972131188
10775200000,-12.9109956159267
10775300000,-13.0269701602318
10775400000,-12.2055497789027
10775500000,-12.9838289925598
10775600000,-12.6025685449514
10775700000,-12.3678055009391
10775800000,-12.5420340378859
10775900000,-12.6356427075625
10776000000,-12.7292023220411
10776100000,-12.3151028788162
10776200000,-13.0637873068104
10776300000,-12.4183012996673
10776400000,-12.9458660149568
10776500000,-12.4492977602931
10776600000,-13.28142036575
10776700000,-12.9724728658117
10776800000,-12.6212785748527
10776900000,-12.8384340631669
10777000000,-12.8191990357109
10777100000,-12.8292501386043
10777200000,-12.8227189202077
10777300000,-12.6388982986261
10777400000,-13.0433228690421
10777500000,-13.0348965052058
10777600000,-12.7624557022328
10777700000,-12.9411500965922
10777800000,-12.712390653005
10777900000,-12.7076196910441
10778000000,-12.6296380315948
10778100000,-12.8412232510206
10778200000,-12.4962101983028
10778300000,-12.9112290318608
10778400000,-13.0252137122292
10778500000,-12.9108678688781
10778600000,-12.5533709231452
10778700000,-13.0775063581291
10778800000,-12.4934873943246
10778900000,-12.993388852643
10779000000,-13.5048656208998
10779100000,-13.3209796983939
10779200000,-13.2582096562416
10779300000,-13.1814805715509
10779400000,-13.2911971820917
10779500000,-12.8102102127367
10779600000,-13.2644932187733
10779700000,-13.3147217071937
10779800000,-12.8763633379633
10779900000,-13.0342350967955
10780000000,-12.928037529201
10780100000,-12.7053581125793
10780200000,-13.5276489203815
10780300000,-13.0420787997126
10780400000,-12.8721889651938
10780500000,-12.6093809788978
10780600000,-13.1093046937096
10780700000,-12.7828494867151
10780800000,-12.9592942611867
10780900000,-13.4744811963098
10781000000,-13.3252154090104
10781100000,-12.695742302336
10781200000,-13.1410640507147
10781300000,-13.0777799108984
10781400000,-12.7342517092446
10781500000,-13.097442431886
10781600000,-13.1237998797918
10781700000,-13.3716205633789
10781800000,-13.3814668789167
10781900000,-13.1724150333778
10782000000,-13.4140647601929
10782100000,-13.0427373363039
10782200000,-13.4191321208918
10782300000,-13.0743281574262
10782400000,-12.9593907873384
10782500000,-13.2120463084007
10782600000,-13.0365167267889
10782700000,-12.7070414392415
10782800000,-13.0521912398104
10782900000,-13.0223034385445
10783000000,-13.5242927203413
10783100000,-13.0771672951778
10783200000,-12.9960740308332
10783300000,-12.9037331882884
10783400000,-13.4386949535469
10783500000,-13.4144126580519
10783600000,-13.215954714028
10783700000,-13.3110705186496
10783800000,-13.1239626935457
10783900000,-13.105999250211
10784000000,-13.0151070462308
10784100000,-13.2226165784682
10784200000,-13.4144216134783
10784300000,-13.4071594831853
10784400000,-13.1470470985441
10784500000,-13.3773475336342
10784600000,-13.5477930567821
10784700000,-13.0957143964344
10784800000,-13.5371311442206
10784900000,-13.346932091642
10785000000,-13.2520732544748
10785100000,-13.3321649213546
10785200000,-13.503029146196
10785300000,-13.6436056382818
10785400000,-13.5846092571214
10785500000,-13.2389949434477
10785600000,-13.3209579905889
10785700000,-13.1374870761888
10785800000,-13.3917305105678
10785900000,-13.0461913973086
10786000000,-13.541057280017
10786100000,-13.0377626557933
10786200000,-12.6651363238185
10786300000,-13.3206034928544
10786400000,-13.305048291544
10786500000,-13.2819448709186
10786600000,-12.7849948302045
10786700000,-12.8707798397505
10786800000,-13.0161752179266
10786900000,-12.641195866586
10787000000,-13.4648319877166
10787100000,-13.1051740811034
10787200000,-13.363811979121
10787300000,-12.9622070727059
10787400000,-13.7942837597342
10787500000,-13.0809885095764
10787600000,-13.2872673927479
10787700000,-13.56218665254
10787800000,-13.1550248482448
10787900000,-13.2399183585313
10788000000,-13.6983962051573
10788100000,-13.4689149917809
10788200000,-13.145333046508
10788300000,-13.3610984028936
10788400000,-13.4154561105217
10788500000,-13.7087452221299
10788600000,-13.6807626816337
10788700000,-13.0946076952636
10788800000,-13.8860951907322
10788900000,-12.8835482503059
10789000000,-13.533816478891
10789100000,-13.4273554469033
10789200000,-12.9671973485291
10789300000,-13.0386803274197
10789400000,-13.1688081572233
10789500000,-13.5167862357864
10789600000,-12.9643357144286
10789700000,-13.0910429601926
10789800000,-12.9295102706112
10789900000,-13.3625443200207
10790000000,-12.6049329896078
10790100000,-13.4916032904843
10790200000,-13.0983644492579
10790300000,-13.3666859610272
10790400000,-13.9676639421838
10790500000,-13.0073904946484
10790600000,-13.7114355306115
10790700000,-13.1540451624005
10790800000,-13.487987786553
10790900000,-13.2019338814818
10791000000,-13.2799840006678
10791100000,-12.8992339373971
10791200000,-13.4707470109019
10791300000,-13.2356223045648
10791400000,-12.9973840642476
10791500000,-13.6693799217371
10791600000,-13.8339652379266
10791700000,-13.5045016733887
10791800000,-13.2558664343689
10791900000,-13.422103989277
10792000000,-12.9652800373943
10792100000,-13.146161800905
10792200000,-13.1784886426992
10792300000,-12.9910102178784
10792400000,-13.7229773178094
10792500000,-13.489594919918
10792600000,-12.28092243771
10792700000,-14.0471162213462
10792800000,-13.1228809688629
10792900000,-13.7647532849412
10793000000,-13.5095370593281
10793100000,-13.0930570239388
10793200000,-13.3195776038069
10793300000,-13.4450421270965
10793400000,-13.370647578083
10793500000,-13.0710635339553
10793600000,-12.9607979150893
10793700000,-13.8421111797451
10793800000,-13.2277329421514
10793900000,-13.0779516023446
10794000000,-13.2846368783021
10794100000,-13.2298192920205
10794200000,-13.0803414259414
10794300000,-12.9217093534777
10794400000,-13.3187771512366
10794500000,-13.4482816736809
10794600000,-12.8955511571612
10794700000,-13.7349337410987
10794800000,-13.0217913983465
10794900000,-13.3897515320318
10795000000,-13.7161498392269
10795100000,-13.1160117943587
10795200000,-13.1002363017344
10795300000,-13.1990973524414
10795400000,-13.7967058615331
10795500000,-13.6956433486065
10795600000,-13.4022108606413
10795700000,-13.1980449580013
10795800000,-13.590242658432
10795900000,-12.7746928663014
10796000000,-13.1574754113436
10796100000,-12.9426941283266
10796200000,-13.1326609194844
10796300000,-13.0033748007792
10796400000,-13.6513866999283
10796500000,-13.3281436510229
10796600000,-13.4838141169823
10796700000,-13.0256827698046
10796800000,-13.5647236365929
10796900000,-12.6673217129432
10797000000,-13.4416197850841
10797100000,-13.0227347268846
10797200000,-13.1888090689807
10797300000,-12.7746316796983
10797400000,-12.981088970986
10797500000,-13.3286712975059
10797600000,-13.2280605227565
10797700000,-13.2577983799223
10797800000,-13.22363325508
10797900000,-12.9251597591171
10798000000,-12.9467018742249
10798100000,-13.1573371900278
10798200000,-13.4404038839179
10798300000,-12.8341908694937
10798400000,-13.5516969932947
10798500000,-12.8511037858883
10798600000,-13.3096595150913
10798700000,-12.6673525762366
10798800000,-12.9332918060673
10798900000,-13.5819267310988
10799000000,-13.0280600737386
10799100000,-13.5669121441902
10799200000,-12.78826848377
10799300000,-12.6592746839981
10799400000,-13.6932357401986
10799500000,-13.1973448113242
10799600000,-13.054177335217
10799700000,-12.892676327165
10799800000,-13.4611081659432
10799900000,-12.4663583933172
10800000000,-13.5481167105177
10800100000,-13.8082525377941
10800200000,-12.5689090742682
10800300000,-12.937244878297
10800400000,-13.4231467114868
10800500000,-13.0076009119855
10800600000,-13.1092144733766
10800700000,-13.642399381078
10800800000,-13.2704373883436
10800900000,-13.2255958861556
10801000000,-12.6324481919272
10801100000,-12.8903657930029
10801200000,-13.0017192745867
10801300000,-13.4374635413479
10801400000,-13.1592725124435
10801500000,-13.0541215735828
10801600000,-13.0709510359534
10801700000,-13.3304399520346
10801800000,-13.2619444054032
10801900000,-13.7242973424841
10802000000,-12.6912389016107
10802100000,-13.2385840219528
10802200000,-13.3097911457203
10802300000,-13.2820078222973
10802400000,-13.2372561407937
10802500000,-13.190067656525
10802600000,-13.195718155036
10802700000,-13.0603827457706
10802800000,-13.72052349106
10802900000,-13.4674476250512
10803000000,-13.2453124232508
10803100000,-13.4591682190193
10803200000,-13.4278481825871
10803300000,-13.1551281961118
10803400000,-13.6008608089658
10803500000,-13.3009732128667
10803600000,-13.1865356257868
10803700000,-13.4002889404603
10803800000,-13.6732757831701
10803900000,-13.4621707630141
10804000000,-13.0610563888403
10804100000,-13.0072188297718
10804200000,-13.0906403957681
10804300000,-13.12587541107
10804400000,-13.3726702384636
10804500000,-13.7023446646609
10804600000,-13.0176821858027
10804700000,-13.7322797262733
10804800000,-13.9149126897706
10804900000,-13.0063412081033
10805000000,-13.25180487378
10805100000,-13.0461052032674
10805200000,-13.4839292362652
10805300000,-13.0754460470815
10805400000,-13.541532358661
10805500000,-13.1196449876392
10805600000,-13.5386365485494
10805700000,-13.5670523676495
10805800000,-13.3213805193402
10805900000,-13.6079088152068
10806000000,-13.2786106065475
10806100000,-13.7172756488099
10806200000,-13.4918785998489
10806300000,-13.4930265878952
10806400000,-12.8620247161264
10806500000,-13.5548066252773
10806600000,-13.496725544955
10806700000,-13.8649157859569
10806800000,-13.9588023373476
10806900000,-13.3644316140554
10807000000,-13.3912357687219
10807100000,-12.8914120545587
10807200000,-13.5053272321889
10807300000,-13.1869424858854
10807400000,-13.3609921810197
10807500000,-13.2834254063894
10807600000,-13.4111417195555
10807700000,-13.5581513657929
10807800000,-13.7056791056395
10807900000,-13.514650010238
10808000000,-13.2771343072067
10808100000,-13.7374939588439
10808200000,-13.6394566624894
10808300000,-13.2976954549807
10808400000,-13.5443127226903
10808500000,-13.417600274781
10808600000,-13.660908372414
10808700000,-13.2801277323276
10808800000,-13.9958132423923
10808900000,-13.1495557991112
10809000000,-13.5614936445666
10809100000,-13.7416986026672
10809200000,-13.7260553374284
10809300000,-13.8377883935302
10809400000,-13.6086444494595
10809500000,-13.5923086389382
10809600000,-13.5421659753578
10809700000,-14.0827503386373
10809800000,-13.7812610667183
10809900000,-13.2910210028983
10810000000,-13.4808629125636
10810100000,-14.2502031240509
10810200000,-14.0951597538094
10810300000,-13.4671361139829
10810400000,-13.1436050136576
10810500000,-13.7446388237599
10810600000,-13.8709489576901
10810700000,-13.7989839068305
10810800000,-13.8544154335099
10810900000,-13.9041795511673
10811000000,-13.424782302931
10811100000,-13.7870165348835
10811200000,-13.3626944088096
10811300000,-14.0768693474585
10811400000,-13.9223720818051
10811500000,-13.6104930115669
10811600000,-13.6510732842472
10811700000,-13.7288259086781
10811800000,-13.3543649180809
10811900000,-13.8979489074324
10812000000,-14.0418625008688
10812100000,-13.5426104443761
10812200000,-13.423955053203
10812300000,-13.7621814799907
10812400000,-13.8069704986919
10812500000,-14.204672194348
10812600000,-13.5724502861143
10812700000,-14.1118095158579
10812800000,-13.5519285145866
10812900000,-13.8233482472838
10813000000,-13.2485080120716
10813100000,-14.06534058991
10813200000,-14.0285257199752
10813300000,-13.8946995178998
10813400000,-13.3452546512963
10813500000,-13.5152328594092
10813600000,-13.9685378520191
10813700000,-13.4794939658494
10813800000,-14.320850906397
10813900000,-14.3881534792403
10814000000,-13.54749878386
10814100000,-13.886888078739
10814200000,-13.9368986128386
10814300000,-14.3979619673633
10814400000,-14.0096313888936
10814500000,-13.676292051834
10814600000,-13.6829605947317
10814700000,-13.8848350070034
10814800000,-13.8911804347389
10814900000,-14.1931842776045
10815000000,-14.1517463196442
10815100000,-13.6952426194625
10815200000,-13.9206705135594
10815300000,-13.7730541177471
10815400000,-13.9353694440032
10815500000,-14.1247148937576
10815600000,-13.87903291504
10815700000,-14.1119696733254
10815800000,-13.8552134066975
10815900000,-13.8253265538252
10816000000,-14.0082190848319
10816100000,-13.9702518022058
10816200000,-14.3981748404005
10816300000,-13.9176536191869
10816400000,-13.86777233519
10816500000,-13.9241923201829
10816600000,-13.8640188388818
10816700000,-13.3027553465506
10816800000,-13.9048213306663
10816900000,-14.0120295771152
10817000000,-13.918610196154
10817100000,-14.0988610949935
10817200000,-13.7740802302712
10817300000,-13.9308925703296
10817400000,-13.851900556416
10817500000,-13.8783307611959
10817600000,-13.9985867123647
10817700000,-13.5561322361258
10817800000,-14.0348150020906
10817900000,-13.5619107543098
10818000000,-13.9122149921075
10818100000,-14.4631737221652
10818200000,-13.4319589828183
10818300000,-13.3950529065368
10818400000,-13.4646133464784
10818500000,-14.0077943152701
10818600000,-14.0462082242926
10818700000,-13.9623938172511
10818800000,-13.9956623995472
10818900000,-13.6474315858754
10819000000,-14.0374511232842
10819100000,-13.8552695297008
10819200000,-14.2442172868
10819300000,-13.8232805363585
10819400000,-13.7014366487244
10819500000,-13.6924599495236
10819600000,-13.749099715454
10819700000,-13.8938743512366
10819800000,-13.9860384376758
10819900000,-13.9354402094243
10820000000,-14.013050155321
10820100000,-13.8252241222778
10820200000,-14.112285055863
10820300000,-13.8619708207251
10820400000,-13.6479971449462
10820500000,-13.8639594415488
10820600000,-13.8506628549187
10820700000,-14.1506806790389
10820800000,-13.8481155647148
10820900000,-13.7438315065129
10821000000,-14.2744462301754
10821100000,-13.6200559506575
10821200000,-13.517460900835
10821300000,-14.0591856623966
10821400000,-13.5485396146824
10821500000,-13.9996694293301
10821600000,-14.0110526550462
10821700000,-14.2632564351675
10821800000,-14.872946595013
10821900000,-13.5945171049671
10822000000,-14.1332022636814
10822100000,-13.383819439423
10822200000,-13.9687621176558
10822300000,-13.8263069690922
10822400000,-13.8929063903466
10822500000,-13.6522590924649
10822600000,-13.3446359748561
10822700000,-13.602804030748
10822800000,-13.5201451655801
10822900000,-13.5158585420501
10823000000,-13.8209190715803
10823100000,-13.4221812180726
10823200000,-13.6702881669251
10823300000,-13.4827695540618
10823400000,-13.6200320504132
10823500000,-13.7444552039973
10823600000,-13.6272837400999
10823700000,-13.5233116991968
10823800000,-13.7390460557359
10823900000,-13.4971605210245
10824000000,-13.7264014579122
10824100000,-14.0748021774372
10824200000,-14.3217621871629
10824300000,-13.8613707929533
10824400000,-14.1287260435012
10824500000,-13.2510109897285
10824600000,-12.6981175417569
10824700000,-13.7981050473801
10824800000,-13.4463203653812
10824900000,-13.995591519198
10825000000,-13.4256886093806
10825100000,-13.4890817750386
10825200000,-13.8951833726673
10825300000,-13.9876280623058
10825400000,-13.9830429758001
10825500000,-13.3981597185646
10825600000,-13.4359033407994
10825700000,-14.0921751832611
10825800000,-13.7746143304857
10825900000,-13.9163607134865
10826000000,-13.6508924595726
10826100000,-13.5956738272981
10826200000,-13.7185139561066
10826300000,-13.7417201831803
10826400000,-13.6874512986768
10826500000,-13.1566362694964
10826600000,-13.4659821136265
10826700000,-13.399477464038
10826800000,-13.7520346281097
10826900000,-13.6007466144153
10827000000,-13.719125493004
10827100000,-13.7126045367414
10827200000,-13.3422274705988
10827300000,-13.0086637042456
10827400000,-13.2815490627464
10827500000,-13.9328682043853
10827600000,-14.2467596934325
10827700000,-13.6727551161843
10827800000,-13.3000689629925
10827900000,-14.6151450750019
10828000000,-13.9900373399612
10828100000,-13.952276707131
10828200000,-13.6264930811596
10828300000,-14.260559281261
10828400000,-13.9988052391301
10828500000,-13.7090056656005
10828600000,-13.0983012467543
10828700000,-13.8101049685944
10828800000,-13.7318864581596
10828900000,-13.9625375821688
10829000000,-14.0531119558583
10829100000,-13.8693801833156
10829200000,-13.9062853058562
10829300000,-13.9299101748122
10829400000,-13.8504563984398
10829500000,-14.0554587635676
10829600000,-14.1554570569648
10829700000,-14.0748585273852
10829800000,-13.6006381742466
10829900000,-13.7350703925575
10830000000,-13.7254176033378
10830100000,-14.088872894186
10830200000,-13.4553470036766
10830300000,-13.6504398160044
10830400000,-13.9980034801868
10830500000,-13.8649723137231
10830600000,-14.3434816972301
10830700000,-13.779175097427
10830800000,-13.8549178899416
10830900000,-13.7021528031249
10831000000,-13.9273156246712
10831100000,-13.9296101123749
10831200000,-14.1440424118228
10831300000,-13.6971850092362
10831400000,-14.4098905305207
10831500000,-14.125741749333
10831600000,-14.627111447024
10831700000,-14.0455519664253
10831800000,-13.7694392242865
10831900000,-13.8434633928218
10832000000,-13.7152349049741
10832100000,-13.7087504635777
10832200000,-13.8478671439686
10832300000,-13.773178554375
10832400000,-14.2857833029942
10832500000,-13.7708687603242
10832600000,-14.0728881390689
10832700000,-13.4472733149588
10832800000,-14.2098223011015
10832900000,-13.9665377483217
10833000000,-13.9956614954263
10833100000,-13.9012119701636
10833200000,-14.2190561875904
10833300000,-13.2580463982968
10833400000,-13.5211138586036
10833500000,-13.9858449035201
10833600000,-14.0735937294551
10833700000,-14.1107772978365
10833800000,-14.1757613842873
10833900000,-13.7933408002107
10834000000,-14.0868304272517
10834100000,-13.5727874874427
10834200000,-13.8445879466228
10834300000,-14.0722605085341
10834400000,-13.6102704905647
10834500000,-14.1673620433585
10834600000,-14.1766090893823
10834700000,-13.7054222288962
10834800000,-14.5038499000076
10834900000,-13.8625564647508
10835000000,-14.0350221106235
10835100000,-14.0517979665434
10835200000,-13.546820788876
10835300000,-13.841165636053
10835400000,-13.4947943895595
10835500000,-13.8803204960733
10835600000,-13.4247892647769
10835700000,-13.9007322301137
10835800000,-14.0837193768325
10835900000,-14.190824428424
10836000000,-14.2035876283669
10836100000,-14.0505229342696
10836200000,-14.2474805895612
10836300000,-13.9188345225609
10836400000,-13.8112099145046
10836500000,-14.1670623324789
10836600000,-14.4283177837724
10836700000,-14.2729579502312
10836800000,-14.3739632569413
10836900000,-14.2178610864069
10837000000,-14.6456806803816
10837100000,-13.3262028299217
10837200000,-13.944304095847
10837300000,-14.2191980364083
10837400000,-14.595919476082
10837500000,-14.2039750830585
10837600000,-14.6713753620258
10837700000,-14.0252127852516
10837800000,-14.1478362473673
10837900000,-14.3796937318343
10838000000,-14.3900998913531
10838100000,-13.8949042463026
10838200000,-14.0501938383052
10838300000,-14.5194356947802
10838400000,-14.3442849099668
10838500000,-14.3328024378163
10838600000,-14.1755641310084
10838700000,-14.3281578817803
10838800000,-14.2535236034531
10838900000,-14.3462227833767
10839000000,-14.1779638076606
10839100000,-14.2514678729613
10839200000,-13.7584388648233
10839300000,-14.2872059636682
10839400000,-14.3388547161683
10839500000,-14.6254375244717
10839600000,-14.7088068953873
10839700000,-14.0840986102043
10839800000,-14.0050182793155
10839900000,-14.1291830463613
10840000000,-14.1305278031847
10840100000,-14.1313976984062
10840200000,-14.0870328213867
10840300000,-14.1921151644943
10840400000,-14.6017877869694
10840500000,-14.4093345273468
10840600000,-14.4738429114033
10840700000,-14.6617567564717
10840800000,-13.8945151174076
10840900000,-14.1069072574282
10841000000,-13.7553042332652
10841100000,-14.1742217790662
10841200000,-14.9177744964795
10841300000,-14.0283726509869
10841400000,-14.0630827729728
10841500000,-15.0082576300143
10841600000,-14.3201153419809
10841700000,-14.0176424481573
10841800000,-14.2104312729045
10841900000,-14.1996021397005
10842000000,-14.5162219886556
10842100000,-14.5337489806477
10842200000,-14.0461546842195
10842300000,-13.6114055975398
10842400000,-13.5868237065644
10842500000,-14.1163994605521
10842600000,-14.0773525249695
10842700000,-14.1053117864182
10842800000,-14.094044757421
10842900000,-14.577650232985
10843000000,-14.8044430294052
10843100000,-14.1726607574649
10843200000,-14.2970328636346
10843300000,-14.7264637475013
10843400000,-14.1528151828857
10843500000,-14.4587322592212
10843600000,-14.4507926006193
10843700000,-14.043198607845
10843800000,-13.9346771947583
10843900000,-14.2655796699019
10844000000,-14.0176098967566
10844100000,-14.0065835114203
10844200000,-14.5689861583292
10844300000,-14.174185539109
10844400000,-14.3691489096808
10844500000,-13.829766609406
10844600000,-14.1200784469503
10844700000,-14.2376674398763
10844800000,-14.2052728896578
10844900000,-14.558195075147
10845000000,-14.4681121798631
10845100000,-14.1591326362864
10845200000,-14.312536770368
10845300000,-14.2924995571856
10845400000,-14.0839440014704
10845500000,-14.0586165628124
10845600000,-14.1817883037417
10845700000,-14.0072097499389
10845800000,-14.5664417972409
10845900000,-13.9467702329772
10846000000,-13.8596312464871
10846100000,-14.1138809396267
10846200000,-14.2079377931584
10846300000,-14.3075631309677
10846400000,-14.0188780623503
10846500000,-14.2859380272421
10846600000,-14.344625831835
10846700000,-14.2657139828163
10846800000,-14.0529331458527
10846900000,-14.1409798406077
10847000000,-14.3206325796664
10847100000,-14.2383931846547
10847200000,-14.3952014387504
10847300000,-13.7456143343288
10847400000,-14.1037903364269
10847500000,-13.9380893103662
10847600000,-14.1896329188926
10847700000,-14.038026542569
10847800000,-14.2931877844162
10847900000,-14.6109886235827
10848000000,-13.9046787290933
10848100000,-14.1546321402986
10848200000,-14.274882260447
10848300000,-13.9267611762177
10848400000,-14.060026165566
10848500000,-13.6666619460845
10848600000,-14.2765061307577
10848700000,-14.4281747620516
10848800000,-13.880128395132
10848900000,-14.6540484291467
10849000000,-13.660727660484
10849100000,-14.7441221981425
10849200000,-14.1581836094557
10849300000,-14.7075248533444
10849400000,-13.9486755148801
10849500000,-14.2988245970843
10849600000,-14.5131954767956
10849700000,-13.9197102251109
10849800000,-14.1257886173085
10849900000,-13.7312041085716
10850000000,-14.4062514014189
10850100000,-13.9281400899032
10850200000,-14.2732600238934
10850300000,-13.970865369197
10850400000,-13.9838627822637
10850500000,-14.4950058182408
10850600000,-14.1659753175031
10850700000,-14.0773552059635
10850800000,-14.6060133490822
10850900000,-13.6747171313733
10851000000,-13.7782357977927
10851100000,-13.7890982790947
10851200000,-15.0248245421015
10851300000,-14.2830049619819
10851400000,-14.2138236352975
10851500000,-13.9942740125696
10851600000,-14.2636990203994
10851700000,-14.094423540302
10851800000,-14.0807223103671
10851900000,-13.9554888546047
10852000000,-14.4042961311551
10852100000,-13.6450626955628
10852200000,-13.7862660967845
10852300000,-14.0205677285074
10852400000,-14.0443685208287
10852500000,-13.9928792987271
10852600000,-13.9866947488519
10852700000,-14.0280743004229
10852800000,-14.1518412790498
10852900000,-14.382912733902
10853000000,-14.2510240724268
10853100000,-14.0503519737097
10853200000,-13.8975136213102
10853300000,-14.1720991535
10853400000,-14.1041297837733
10853500000,-13.6485813591366
10853600000,-13.9755699005222
10853700000,-14.2987624637814
10853800000,-13.8451058612507
10853900000,-14.3860310355631
10854000000,-13.9581995931412
10854100000,-13.979217404764
10854200000,-13.9217985798317
10854300000,-14.0835945748246
10854400000,-14.2033536016066
10854500000,-14.9262543979809
10854600000,-14.4088262857065
10854700000,-13.9701397724925
10854800000,-14.1695096350479
10854900000,-13.7942256650126
10855000000,-13.8120152230715
10855100000,-13.8407359405227
10855200000,-13.9446388266685
10855300000,-14.4373429243438
10855400000,-14.2078806794016
10855500000,-14.5520415407812
10855600000,-13.6714972014978
10855700000,-14.2973565164889
10855800000,-14.5067892481684
10855900000,-14.2531113094124
10856000000,-13.7155111588942
10856100000,-14.0601601766255
10856200000,-13.6524732151028
10856300000,-14.6427980128112
10856400000,-14.6138559768824
10856500000,-14.2847022189476
10856600000,-14.3408859497917
10856700000,-14.4534385164359
10856800000,-13.6078119016806
10856900000,-13.9997135801773
10857000000,-14.4618278661158
10857100000,-14.3345580449374
10857200000,-14.823141391119
10857300000,-14.2191926838364
10857400000,-14.2873641902579
10857500000,-14.4831708656413
10857600000,-13.5001163713202
10857700000,-14.9504315683505
10857800000,-14.8408772990048
10857900000,-14.1408967735651
10858000000,-14.1279195808238
10858100000,-14.4447568484186
10858200000,-14.297610800954
10858300000,-14.3558068349209
10858400000,-14.8030583759725
10858500000,-14.2840036543783
10858600000,-14.4086655414669
10858700000,-14.5297129585907
10858800000,-14.1719529574455
10858900000,-14.7358769166408
10859000000,-13.6307318042969
10859100000,-14.0444567609931
10859200000,-14.2495426874744
10859300000,-14.5293962090167
10859400000,-14.4059502092201
10859500000,-14.1032855408083
10859600000,-14.9331369122858
10859700000,-14.0246319624603
10859800000,-14.83007721641
10859900000,-14.1614864534172
10860000000,-14.8714002285531
10860100000,-14.6790798333019
10860200000,-15.2054703394986
10860300000,-14.5561877800985
10860400000,-14.0160291823301
10860500000,-14.5045059964978
10860600000,-14.4925567875985
10860700000,-14.7351926964134
10860800000,-14.2748483750181
10860900000,-14.2562450919125
10861000000,-15.2079315159112
10861100000,-14.6413272372477
10861200000,-14.2441591343344
10861300000,-14.17160030436
10861400000,-14.1117522138074
10861500000,-13.8855322448706
10861600000,-14.0775405580941
10861700000,-15.0316204968452
10861800000,-14.488220358343
10861900000,-14.2085194344049
10862000000,-14.4583512170884
10862100000,-14.5673981299438
10862200000,-14.5826323652985
10862300000,-14.1792961792864
10862400000,-13.9498622293433
10862500000,-14.4299850238685
10862600000,-14.2492038035795
10862700000,-14.6835900028345
10862800000,-14.174819382126
10862900000,-14.2227331513809
10863000000,-14.4244914333952
10863100000,-14.2878373630469
10863200000,-15.2434766752995
10863300000,-14.136098757623
10863400000,-14.5282459607346
10863500000,-14.3391299183552
10863600000,-14.6291812332944
10863700000,-14.270777587651
10863800000,-14.2255237844097
10863900000,-14.0415681525507
10864000000,-14.5185936040978
10864100000,-14.3445567785179
10864200000,-13.8916469907277
10864300000,-14.5014938496008
10864400000,-14.2379348647957
10864500000,-14.5154839040777
10864600000,-13.7561698279921
10864700000,-13.6742562472274
10864800000,-13.6803020404364
10864900000,-14.299390968234
10865000000,-14.3410680870665
10865100000,-14.5476186216659
10865200000,-14.0614184684402
10865300000,-14.7992871323751
10865400000,-14.6547117394072
10865500000,-14.5375611539587
10865600000,-14.3460867205969
10865700000,-14.4008679053174
10865800000,-14.5763635681854
10865900000,-14.6377812719329
10866000000,-13.7853018750474
10866100000,-14.196890106628
10866200000,-13.9125523185425
10866300000,-14.1268692229092
10866400000,-13.8862351894768
10866500000,-14.6696183652401
10866600000,-14.0307487267007
10866700000,-14.4461678878362
10866800000,-14.2780990730823
10866900000,-14.5184766102644
10867000000,-13.7652858938273
10867100000,-13.4706863982953
10867200000,-14.2563748242807
10867300000,-14.1168881870255
10867400000,-14.4675044305357
10867500000,-13.9542135063965
10867600000,-14.1195337161051
10867700000,-14.1632342001235
10867800000,-13.9413286590426
10867900000,-14.4800492043171
10868000000,-14.670465259995
10868100000,-14.2389868000202
10868200000,-14.3024375537863
10868300000,-14.3677137378351
10868400000,-14.3592041198117
10868500000,-14.050741875024
10868600000,-14.8918123788514
10868700000,-14.7504598064461
10868800000,-13.3751102775154
10868900000,-14.1848548914657
10869000000,-13.7711950135605
10869100000,-14.7998741114762
10869200000,-14.5846356781374
10869300000,-13.8299173805092
10869400000,-13.7654866106165
10869500000,-14.1257807495701
10869600000,-14.2093265002387
10869700000,-13.766364712295
10869800000,-13.7452920891587
10869900000,-13.9641020375095
10870000000,-13.2382176598107
10870100000,-14.3919058271855
10870200000,-13.8971613215911
10870300000,-14.1757820707773
10870400000,-13.6661463771907
10870500000,-13.5653841049034
10870600000,-13.7747918068245
10870700000,-13.5001445145839
10870800000,-14.0911909756502
10870900000,-13.7075609763071
10871000000,-13.7632151030443
10871100000,-13.2392749173825
10871200000,-13.6346612426914
10871300000,-13.8211967754943
10871400000,-13.490006453964
10871500000,-14.1856863160653
10871600000,-13.894453550485
10871700000,-13.550680136133
10871800000,-13.7112057704531
10871900000,-13.5658490834831
10872000000,-13.6096882025078
10872100000,-13.497053820591
10872200000,-14.0461902443549
10872300000,-13.8094750187532
10872400000,-13.308558311136
10872500000,-13.8202190039041
10872600000,-14.4271366949081
10872700000,-13.7311780976736
10872800000,-14.1461484126479
10872900000,-13.6637482337704
10873000000,-13.5945711825662
10873100000,-13.3568374763337
10873200000,-13.7026481203579
10873300000,-14.3871549376891
10873400000,-14.0483668717056
10873500000,-13.932583063972
10873600000,-13.8386947216627
10873700000,-13.889174511088
10873800000,-13.9290099898028
10873900000,-13.9389888715776
10874000000,-13.5822464047311
10874100000,-13.6648884594944
10874200000,-13.7599082539259
10874300000,-13.5258833354581
10874400000,-13.6658124438419
10874500000,-14.0014912788222
10874600000,-13.5385000524263
10874700000,-13.6191108890343
10874800000,-13.9564132378394
10874900000,-13.8774755774155
10875000000,-13.9650416241624
10875100000,-14.0366421665832
10875200000,-14.0954449217711
10875300000,-13.8573718046379
10875400000,-13.7968857246509
10875500000,-13.8907486707456
10875600000,-13.8057369330948
10875700000,-13.9122369757187
10875800000,-13.46097220187
10875900000,-13.5880494192514
10876000000,-13.7991564558406
10876100000,-14.2261480146252
10876200000,-13.8756313485829
10876300000,-13.5910924985811
10876400000,-13.907413751632
10876500000,-13.2771363211274
10876600000,-13.7518366964008
10876700000,-13.8902751644918
10876800000,-13.6857876709006
10876900000,-13.586121456749
10877000000,-13.4845480301469
10877100000,-13.6339861127569
10877200000,-13.3139270755271
10877300000,-13.4500215350666
10877400000,-13.7953261825298
10877500000,-14.01264329163
10877600000,-13.8270250275877
10877700000,-13.4252946829221
10877800000,-13.8015678551043
10877900000,-13.9444752594611
10878000000,-14.1195015498319
10878100000,-13.9962198685731
10878200000,-13.8616229774802
10878300000,-13.814209611173
10878400000,-14.1104183726124
10878500000,-13.414161361763
10878600000,-14.0832962080855
10878700000,-13.6564648502735
10878800000,-13.3750179829639
10878900000,-13.2904574429778
10879000000,-13.7236815366653
10879100000,-13.1981116566124
10879200000,-13.5718310499968
10879300000,-13.8345794342141
10879400000,-14.1455115037685
10879500000,-13.9546002784013
10879600000,-13.9105466902577
10879700000,-13.5229183262308
10879800000,-13.6184493594975
10879900000,-13.8374670556359
10880000000,-13.4168630850302
10880100000,-13.5084325944843
10880200000,-13.640277979197
10880300000,-14.2300818995869
10880400000,-13.9055585951629
10880500000,-13.4569625262943
10880600000,-13.3859723210593
10880700000,-13.3734410565243
10880800000,-13.6586046063621
10880900000,-13.9085425353492
10881000000,-14.1092691017223
10881100000,-13.9737571406891
10881200000,-13.4727347145217
10881300000,-13.3609573277963
10881400000,-13.6660168183247
10881500000,-13.7081161578764
10881600000,-13.4264342062601
10881700000,-13.5166603949337
10881800000,-14.1123215130777
10881900000,-13.90724731089
10882000000,-13.3609510018463
10882100000,-13.3431352901636
10882200000,-13.5280970396789
10882300000,-13.8066158104887
10882400000,-13.5401402823372
10882500000,-12.9921172222243
10882600000,-13.7306232244363
10882700000,-13.7896943982054
10882800000,-13.5390472621726
10882900000,-13.3237760410894
10883000000,-13.6546039750472
10883100000,-13.5287027213527
10883200000,-13.4110647131575
10883300000,-13.9707073233167
10883400000,-13.3765610505619
10883500000,-13.2026850257521
10883600000,-13.6628006800058
10883700000,-13.3781452908041
10883800000,-13.731364387857
10883900000,-14.0647234048014
10884000000,-14.0577702447718
10884100000,-13.8891303705275
10884200000,-13.7830880761205
10884300000,-13.6235178328472
10884400000,-13.898125616179
10884500000,-13.4063559110667
10884600000,-13.554534599023
10884700000,-13.9398088612387
10884800000,-13.8126798437846
10884900000,-13.2249143673263
10885000000,-13.433151540914
10885100000,-13.5815359626869
10885200000,-13.3606205392717
10885300000,-13.1616012347731
10885400000,-13.3884197104273
10885500000,-13.2668881390674
10885600000,-13.4972389181467
10885700000,-13.1425690853925
10885800000,-13.1130425684131
10885900000,-13.5329152413096
10886000000,-13.4594682948683
10886100000,-13.2216131187332
10886200000,-13.7009349984396
10886300000,-13.6155947604099
10886400000,-13.7005280739051
10886500000,-13.7166837708803
10886600000,-13.9017897153902
10886700000,-13.4470354793581
10886800000,-13.9502962020408
10886900000,-14.0171291284726
10887000000,-13.2151305325485
10887100000,-14.0604764482937
10887200000,-13.8093996649702
10887300000,-13.9419008488352
10887400000,-13.8848342072736
10887500000,-13.3371698101956
10887600000,-13.8067601707053
10887700000,-13.8350027009306
10887800000,-14.0766138835246
10887900000,-13.4416630918215
10888000000,-13.8286027054879
10888100000,-13.5108269799359
10888200000,-13.5107923020308
10888300000,-13.5252249493821
10888400000,-13.7367060825558
10888500000,-13.7319504103386
10888600000,-12.6441515104543
10888700000,-13.3534447069245
10888800000,-13.9651035758667
10888900000,-13.3934322339099
10889000000,-13.402202908362
10889100000,-13.3574381971157
10889200000,-13.3054497042895
10889300000,-13.6910293966452
10889400000,-13.5772276460436
10889500000,-13.7291825361062
10889600000,-13.8232236510919
10889700000,-13.5689497450348
10889800000,-13.4484210266032
10889900000,-13.1490272665992
10890000000,-13.786038628545
10890100000,-13.4958222468182
10890200000,-13.7415695201813
10890300000,-13.7098466680721
10890400000,-14.0305540325068
10890500000,-13.55066049637
10890600000,-13.3192147906782
10890700000,-13.2478145602394
10890800000,-13.3610327969548
10890900000,-13.3887765871041
10891000000,-13.571294874216
10891100000,-13.6896727040442
10891200000,-13.8185134057043
10891300000,-13.5403077056238
10891400000,-13.7194407381295
10891500000,-13.4926990395609
10891600000,-13.5656547509277
10891700000,-13.6822842304582
10891800000,-13.3091085506178
10891900000,-13.5358744230928
10892000000,-12.8530604792553
10892100000,-14.0127479720329
10892200000,-14.074632107978
10892300000,-13.9888523502912
10892400000,-13.9105542134591
10892500000,-13.5225910512993
10892600000,-13.5277955506709
10892700000,-13.2161741566246
10892800000,-13.3315664016719
10892900000,-13.0219571600256
10893000000,-13.4213054804856
10893100000,-13.4888147529456
10893200000,-13.4299364739803
10893300000,-13.0040659601614
10893400000,-13.1290564524028
10893500000,-13.236220868846
10893600000,-13.577263304399
10893700000,-13.5445518106629
10893800000,-13.4627048152585
10893900000,-13.6464607758912
10894000000,-13.683388226963
10894100000,-13.1918579621534
10894200000,-13.0853224658711
10894300000,-13.0012788185264
10894400000,-13.2607200156604
10894500000,-13.1637885957534
10894600000,-13.4912314949873
10894700000,-13.0849232966646
10894800000,-13.0038607674507
10894900000,-13.1026981955415
10895000000,-13.4280352576641
10895100000,-13.311257615266
10895200000,-13.5049574718716
10895300000,-13.5716298718525
10895400000,-13.3986924590549
10895500000,-13.320051724206
10895600000,-12.7744437845127
10895700000,-13.6407039062214
10895800000,-13.5696221457082
10895900000,-13.7290696574642
10896000000,-13.0214599336801
10896100000,-13.4068039655597
10896200000,-13.0565261503434
10896300000,-12.9717846906947
10896400000,-13.3330347394914
10896500000,-13.1160756935865
10896600000,-13.7028710623058
10896700000,-13.2284354640455
10896800000,-13.2833660518899
10896900000,-13.1781382650105
10897000000,-13.2448080202829
10897100000,-13.1898711522518
10897200000,-13.174003904019
10897300000,-13.0727288496517
10897400000,-13.5839994574064
10897500000,-13.3270276497156
10897600000,-13.5298271275257
10897700000,-13.2896860356569
10897800000,-13.0294577150998
10897900000,-12.6553133981094
10898000000,-13.333778134573
10898100000,-13.6075211294745
10898200000,-13.0747297257579
10898300000,-12.9201922739352
10898400000,-13.1639857003479
10898500000,-13.0182504338383
10898600000,-12.8887100306185
10898700000,-13.1591293473761
10898800000,-13.3527856260193
10898900000,-13.3870578328897
10899000000,-13.3822748388137
10899100000,-12.8404335852851
10899200000,-12.9640539690141
10899300000,-13.1261928036862
10899400000,-13.3923948868901
10899500000,-13.3486729656749
10899600000,-12.7123757523025
10899700000,-13.2023067953757
10899800000,-13.0613681535081
10899900000,-13.3850030968835
10900000000,-12.6305678714889
10900100000,-13.1568311018741
10900200000,-13.2129770466542
10900300000,-13.0722094020625
10900400000,-13.5373843446782
10900500000,-12.7116027561633
10900600000,-13.1071841336628
10900700000,-12.9594231584142
10900800000,-13.4300855344191
10900900000,-13.1272308005373
10901000000,-12.9351069846608
10901100000,-12.9097769802654
10901200000,-13.2389867052738
10901300000,-12.9649449395439
10901400000,-13.0049991223055
10901500000,-13.5122745549263
10901600000,-13.3164151390738
10901700000,-13.0516146061119
10901800000,-12.6145548729924
10901900000,-13.2191551342172
10902000000,-12.9317816446612
10902100000,-13.0508592842083
10902200000,-12.8939182801721
10902300000,-13.4174282824823
10902400000,-13.2065389969418
10902500000,-13.0189197610645
10902600000,-13.2942570396613
10902700000,-13.1057769640295
10902800000,-12.9435092298874
10902900000,-13.2825850374299
10903000000,-13.3637755355825
10903100000,-12.8804660466122
10903200000,-12.7443202324589
10903300000,-13.135862199247
10903400000,-12.9181551094379
10903500000,-12.9280446951107
10903600000,-13.3340400078658
10903700000,-12.436947116082
10903800000,-12.830437868178
10903900000,-12.5873617434465
10904000000,-12.8902486869559
10904100000,-12.7051010578079
10904200000,-13.0241523189498
10904300000,-13.4653036423764
10904400000,-12.8891111561048
10904500000,-12.7559432617245
10904600000,-13.102701279054
10904700000,-12.7354969904728
10904800000,-13.0367232080295
10904900000,-12.7878004719085
10905000000,-13.0053756001905
10905100000,-13.1561740585716
10905200000,-12.8424371621133
10905300000,-12.9380803679039
10905400000,-12.9164147604143
10905500000,-13.019123070268
10905600000,-13.0779512842107
10905700000,-12.6870175147929
10905800000,-13.3881468766494
10905900000,-13.005622917267
10906000000,-13.0408363367813
10906100000,-12.7328812220096
10906200000,-13.0569428361578
10906300000,-12.6699557057474
10906400000,-12.97780217326
10906500000,-13.1176520883037
10906600000,-12.6520988383108
10906700000,-13.1452474368119
10906800000,-12.8926361474231
10906900000,-13.2401783688035
10907000000,-12.4962137822221
10907100000,-12.8173875287014
10907200000,-12.6676478427497
10907300000,-12.5814077347351
10907400000,-13.339729103318
10907500000,-12.6373891848731
10907600000,-12.7086477998161
10907700000,-13.0212582558576
10907800000,-13.5816137394973
10907900000,-12.5967192565991
10908000000,-12.2703163491024
10908100000,-12.6821868562525
10908200000,-12.7155244008853
10908300000,-13.0630028418514
10908400000,-12.6607241574835
10908500000,-12.948713542687
10908600000,-12.7030368424904
10908700000,-12.6008701965388
10908800000,-13.1101301881078
10908900000,-13.370623129675
10909000000,-12.6541340712101
10909100000,-12.8037660563359
10909200000,-12.7653510423453
10909300000,-12.6998809376311
10909400000,-12.8472136598471
10909500000,-12.8280223743413
10909600000,-13.0408889211886
10909700000,-12.6159257792177
10909800000,-12.2785889183875
10909900000,-12.4557859673017
10910000000,-12.6431972639771
10910100000,-12.872513588437
10910200000,-12.4054843289048
10910300000,-12.6392880516887
10910400000,-12.7716143612893
10910500000,-13.3641430989463
10910600000,-12.4813573419423
10910700000,-12.1379930706707
10910800000,-12.7468684284991
10910900000,-12.6773001659608
10911000000,-12.9489653675911
10911100000,-12.8185831203805
10911200000,-12.2582070437932
10911300000,-12.5396059670465
10911400000,-12.6405511245725
10911500000,-12.3475952102161
10911600000,-13.027011796102
10911700000,-12.5820741967751
10911800000,-12.5546984324487
10911900000,-12.3564945500673
10912000000,-12.7473527520203
10912100000,-12.8867546725968
10912200000,-12.7027351990021
10912300000,-12.5422931103665
10912400000,-12.868999838491
10912500000,-13.1768468031719
10912600000,-13.0071863138273
10912700000,-12.8476882606766
10912800000,-12.663593932425
10912900000,-12.2728386230231
10913000000,-12.7513413247965
10913100000,-12.434722412167
10913200000,-12.5619219296892
10913300000,-12.9026089684632
10913400000,-12.6402734378994
10913500000,-12.6888258557461
10913600000,-12.7646370026067
10913700000,-12.3357005981998
10913800000,-12.6916959969338
10913900000,-12.7577616305643
10914000000,-12.6153716181908
10914100000,-12.8065270345562
10914200000,-13.0044803491639
10914300000,-13.075699620067
10914400000,-12.8530223562861
10914500000,-12.9043522838195
10914600000,-13.0602824024086
10914700000,-12.6830690548224
10914800000,-12.6228542665222
10914900000,-12.5615556017213
10915000000,-12.7731260154047
10915100000,-12.0162677611924
10915200000,-12.5980294300211
10915300000,-12.4631066787397
10915400000,-12.8616983218584
10915500000,-12.7602065000487
10915600000,-12.3306120497929
10915700000,-12.622082495288
10915800000,-13.2270715055048
10915900000,-12.870661957852
10916000000,-12.418155964296
10916100000,-12.4554722008697
10916200000,-12.6205321834823
10916300000,-12.3679171841196
10916400000,-12.4885364962254
10916500000,-12.6322491649637
10916600000,-12.8260422842427
10916700000,-12.6009081403994
10916800000,-12.5568048087631
10916900000,-12.6636495133803
10917000000,-12.6072695174896
10917100000,-12.7055852706949
10917200000,-12.1407498987488
10917300000,-13.3960226554148
10917400000,-12.7931968081683
10917500000,-12.957854703442
10917600000,-12.8357359599324
10917700000,-12.5797917288842
10917800000,-12.734957876706
10917900000,-12.2043165469427
10918000000,-12.3807130897492
10918100000,-13.204729978335
10918200000,-12.0493405549753
10918300000,-12.6796631982116
10918400000,-12.8109370941563
10918500000,-12.6495514181565
10918600000,-12.2775289760802
10918700000,-12.9485404178407
10918800000,-12.6804642652877
10918900000,-12.9750614606879
10919000000,-12.3753830036267
10919100000,-12.370373125796
10919200000,-12.2900857387829
10919300000,-12.3794392465005
10919400000,-11.9815929874413
10919500000,-12.045712243044
10919600000,-12.3565300180932
10919700000,-12.7209323785935
10919800000,-12.4470682912366
10919900000,-12.7535264445701
10920000000,-12.655382214223
10920100000,-12.5439643024422
10920200000,-12.5592519285256
10920300000,-12.5596195981103
10920400000,-12.4775078771745
10920500000,-12.6557701793147
10920600000,-12.1859306020585
10920700000,-12.8506276721282
10920800000,-12.7237049957644
10920900000,-12.3299638226848
10921000000,-12.3913813696743
10921100000,-13.064124958204
10921200000,-12.4124385395702
10921300000,-12.7860623988205
10921400000,-12.5638605705138
10921500000,-12.2387253703633
10921600000,-12.4014383353879
10921700000,-12.5335736741773
10921800000,-11.9905826448076
10921900000,-12.1458453676538
10922000000,-12.3372148166341
10922100000,-12.4869146344173
10922200000,-12.0792678910048
10922300000,-12.4764205413201
10922400000,-12.6878692471598
10922500000,-12.3581963764083
10922600000,-12.6354418220765
10922700000,-12.9434638700213
10922800000,-12.5351936643134
10922900000,-12.639153179959
10923000000,-12.5989403315467
10923100000,-12.4375898407058
10923200000,-12.546679983538
10923300000,-12.4864046193835
10923400000,-12.6960689862755
10923500000,-12.6512757975571
10923600000,-12.5958046878931
10923700000,-12.4390369366151
10923800000,-12.8192548699834
10923900000,-12.4106192352134
10924000000,-12.3403573550989
10924100000,-12.2705353817116
10924200000,-12.2966306310563
10924300000,-12.4281820588724
10924400000,-12.3924511721317
10924500000,-12.5405305759469
10924600000,-12.5703512277569
10924700000,-12.3169441063894
10924800000,-12.1715491250316
10924900000,-12.4740503264417
10925000000,-12.5260303181885
10925100000,-12.2691295797264
10925200000,-12.0176196904849
10925300000,-12.6279223351101
10925400000,-12.5637678698298
10925500000,-12.0231159538259
10925600000,-12.5021598237947
10925700000,-12.6129074537936
10925800000,-11.8111584668074
10925900000,-12.1465310857359
10926000000,-13.0100676121888
10926100000,-12.658036263135
10926200000,-12.4089010037542
10926300000,-12.5632407030937
10926400000,-12.7917621797978
10926500000,-12.798004945895
10926600000,-12.4907463422375
10926700000,-12.0368690935599
10926800000,-12.3768507927598
10926900000,-13.1101450636057
10927000000,-12.2397707816954
10927100000,-12.5486253984505
10927200000,-12.7725812968231
10927300000,-12.1615123339709
10927400000,-12.4003329406214
10927500000,-12.398035797485
10927600000,-12.7431477758762
10927700000,-12.6256836172357
10927800000,-12.2305349701735
10927900000,-12.5751451664734
10928000000,-12.9165395001578
10928100000,-12.6955999327782
10928200000,-12.2698525536439
10928300000,-12.5274935098922
10928400000,-12.6499013169372
10928500000,-12.3606176889072
10928600000,-12.1541177231759
10928700000,-12.6572591305527
10928800000,-12.8208483286829
10928900000,-13.0830829722711
10929000000,-12.0284637222636
10929100000,-12.6888324616628
10929200000,-12.8299776949656
10929300000,-12.3428909674022
10929400000,-12.5547023035809
10929500000,-12.3918359930806
10929600000,-12.677265453122
10929700000,-13.1257233304266
10929800000,-12.6829537927622
10929900000,-12.2004490668086
10930000000,-12.2967218679087
10930100000,-12.1595955667571
10930200000,-12.6963373934768
10930300000,-12.5831703613941
10930400000,-12.9032550827315
10930500000,-12.44145960049
10930600000,-12.7651342359473
10930700000,-13.0249384729409
10930800000,-12.9726111155747
10930900000,-12.3078845535702
10931000000,-12.4124017912651
10931100000,-12.3159938628258
10931200000,-12.716143830677
10931300000,-12.2717214912188
10931400000,-12.5199896354227
10931500000,-12.7217569622734
10931600000,-12.5816628287323
10931700000,-12.1904222846992
10931800000,-12.6630043973958
10931900000,-12.793237399371
10932000000,-12.6098902597013
10932100000,-12.234273627846
10932200000,-12.9421586493491
10932300000,-12.8458847683129
10932400000,-12.8061931373966
10932500000,-12.5486360575951
10932600000,-12.1363065464853
10932700000,-12.5089866452689
10932800000,-12.8040941010987
10932900000,-12.5451073421337
10933000000,-12.2128892864492
10933100000,-12.2492616354848
10933200000,-12.4563310900339
10933300000,-12.506086902166
10933400000,-13.0490947083246
10933500000,-12.8051548138138
10933600000,-12.1962708522699
10933700000,-13.0783656042144
10933800000,-12.4287594357839
10933900000,-12.2139956582597
10934000000,-12.6140502709744
10934100000,-12.4509881535657
10934200000,-12.1871616533993
10934300000,-12.4570809524894
10934400000,-12.4465167301125
10934500000,-12.8644550894393
10934600000,-12.7349573533057
10934700000,-12.5097854896168
10934800000,-12.5084068082832
10934900000,-12.5544284930283
10935000000,-12.8896953838393
10935100000,-12.9220006981432
10935200000,-12.4347883057391
10935300000,-12.3999409740727
10935400000,-12.6257199604391
10935500000,-12.8478984576192
10935600000,-12.5730914536025
10935700000,-13.0060048892402
10935800000,-12.8144966870221
10935900000,-12.2517251155286
10936000000,-12.6314445217341
10936100000,-12.3178886216354
10936200000,-12.3664388117813
10936300000,-12.3110210541486
10936400000,-12.8629281633011
10936500000,-12.3950037004943
10936600000,-12.3249786755093
10936700000,-12.1505973295009
10936800000,-12.569145493333
10936900000,-12.5230056816079
10937000000,-12.6074625027845
10937100000,-12.6877381914646
10937200000,-12.4830372549793
10937300000,-12.2699061738108
10937400000,-11.9226337234712
10937500000,-12.4618700249153
10937600000,-12.7536075061476
10937700000,-12.5422287642785
10937800000,-12.6266432153415
10937900000,-12.525439430114
10938000000,-12.8332001303179
10938100000,-12.8426427877055
10938200000,-12.2488095240832
10938300000,-12.589289135839
10938400000,-12.6664172750796
10938500000,-12.8285369390061
10938600000,-12.2976355088404
10938700000,-12.2832091985719
10938800000,-12.6684764782749
10938900000,-12.5419757617746
10939000000,-12.0438524094525
10939100000,-12.6173467622256
10939200000,-12.1793397727772
10939300000,-12.4899273748426
10939400000,-12.1905792224548
10939500000,-12.9804314583903
10939600000,-12.3519033013093
10939700000,-12.5326403084021
10939800000,-12.3772107416188
10939900000,-12.2953534916399
10940000000,-12.1622635144546
10940100000,-12.085928600504
10940200000,-12.2602837200043
10940300000,-12.3443768314224
10940400000,-12.2949106087257
10940500000,-11.7773202211143
10940600000,-12.5267931344865
10940700000,-12.0738715928207
10940800000,-12.2768470192993
10940900000,-12.4136789832882
10941000000,-12.8569646663736
10941100000,-12.6546608039454
10941200000,-12.1142808923389
10941300000,-12.4306486129102
10941400000,-12.3212521321015
10941500000,-12.6141903540805
10941600000,-12.1394195057617
10941700000,-12.5942808902701
10941800000,-11.9074550898922
10941900000,-12.1278321391682
10942000000,-12.5182750100959
10942100000,-12.0632959099529
10942200000,-12.4219901713325
10942300000,-12.2605450289829
10942400000,-11.9757235650622
10942500000,-11.7422332129356
10942600000,-12.5166230857099
10942700000,-12.5230696034785
10942800000,-12.713087203198
10942900000,-12.5785595507049
10943000000,-12.2045637143833
10943100000,-12.3476668296321
10943200000,-12.6714117048595
10943300000,-12.4805178077771
10943400000,-12.1520943964839
10943500000,-12.5002238742582
10943600000,-12.3129051852865
10943700000,-12.0544102998979
10943800000,-11.8900640769512
10943900000,-12.413059455538
10944000000,-12.4504749458729
10944100000,-11.6643913909064
10944200000,-12.4668529530386
10944300000,-12.4434769877692
10944400000,-12.6615861005604
10944500000,-12.102009023601
10944600000,-12.066254137991
10944700000,-11.895037335116
10944800000,-12.3942799554136
10944900000,-12.353329452
10945000000,-12.07633413641
10945100000,-12.1368396504938
10945200000,-12.4078496898959
10945300000,-12.0633009334966
10945400000,-12.185250237748
10945500000,-12.665996350588
10945600000,-12.2406827405138
10945700000,-12.5101938412045
10945800000,-11.7519811733533
10945900000,-12.1203616669791
10946000000,-12.4835323132488
10946100000,-12.4859088711627
10946200000,-12.6056475139964
10946300000,-12.1368253156153
10946400000,-12.157550234669
10946500000,-12.7202639455058
10946600000,-12.5433808637562
10946700000,-12.3637183846664
10946800000,-12.4368846299744
10946900000,-12.1319907948565
10947000000,-12.1055284600704
10947100000,-12.167779072025
10947200000,-12.1772442510624
10947300000,-12.7607778069169
10947400000,-12.725891425688
10947500000,-12.1262982292163
10947600000,-12.0286458627678
10947700000,-12.7603922737372
10947800000,-12.434574972461
10947900000,-12.3905018039589
10948000000,-11.966612798402
10948100000,-12.0214070208924
10948200000,-12.1059920253336
10948300000,-11.8947721127863
10948400000,-12.2546663108843
10948500000,-12.6237640152727
10948600000,-12.3110482350828
10948700000,-12.0251006063586
10948800000,-12.5074663679597
10948900000,-12.0455546933739
10949000000,-12.0367316482643
10949100000,-12.621255057597
10949200000,-12.2830740189429
10949300000,-12.148177597973
10949400000,-12.2492261853532
10949500000,-11.8545652054389
10949600000,-12.4644021627237
10949700000,-12.3503099152042
10949800000,-12.396786413535
10949900000,-12.2270508541554
10950000000,-12.2996166333155
10950100000,-12.2258315434278
10950200000,-12.3016402379169
10950300000,-12.3908281177223
10950400000,-12.5872153741111
10950500000,-12.0650937230148
10950600000,-12.4806473194037
10950700000,-13.0228492591796
10950800000,-12.5054358559086
10950900000,-11.8462951930853
10951000000,-12.3833061220523
10951100000,-12.4474523242872
10951200000,-12.6453707624735
10951300000,-12.0203152225752
10951400000,-12.3943077162212
10951500000,-12.1898292907873
10951600000,-12.0106138307544
10951700000,-12.5378893093695
10951800000,-11.9294080561766
10951900000,-12.1866283556257
10952000000,-12.3008019791092
10952100000,-11.7759958700981
10952200000,-11.9686682073191
10952300000,-12.1469095879106
10952400000,-12.1947807708294
10952500000,-11.9959903860825
10952600000,-12.5790918950462
10952700000,-12.2906256532863
10952800000,-11.9770925387187
10952900000,-11.8900106913597
10953000000,-12.0653653838663
10953100000,-12.6950618686488
10953200000,-11.7528816195669
10953300000,-11.7509921693017
10953400000,-12.2131793183172
10953500000,-12.0501924556532
10953600000,-12.3793333138937
10953700000,-12.0281216323538
10953800000,-12.2329447336831
10953900000,-12.7722053512346
10954000000,-12.9806450720907
10954100000,-11.9482297282938
10954200000,-12.1541110960911
10954300000,-12.1872854538562
10954400000,-12.0270411663519
10954500000,-11.9868187464935
10954600000,-12.1447758896049
10954700000,-12.3663897079142
10954800000,-12.2311778840452
10954900000,-11.853172235944
10955000000,-12.2395473427451
10955100000,-12.5966481472938
10955200000,-12.1453381912467
10955300000,-12.2281562107702
10955400000,-12.1912199109191
10955500000,-12.0596069158501
10955600000,-12.3572922782251
10955700000,-11.8770301396221
10955800000,-12.2847497471045
10955900000,-12.340749139223
10956000000,-12.6234553028106
10956100000,-11.8939271410505
10956200000,-12.1795077451466
10956300000,-12.4104940188759
10956400000,-12.0883902676247
10956500000,-12.479418349934
10956600000,-12.1137811842991
10956700000,-12.2804213145651
10956800000,-11.9103911876605
10956900000,-12.2694911736711
10957000000,-12.1341801552256
10957100000,-12.2272178245047
10957200000,-12.2713939750155
10957300000,-11.7686424897353
10957400000,-12.3587358092631
10957500000,-12.5637542774396
10957600000,-11.9848461268113
10957700000,-11.6231399087723
10957800000,-11.7542949125268
10957900000,-12.1484501824027
10958000000,-11.8912686339235
10958100000,-12.1775712897275
10958200000,-12.8721561506669
10958300000,-12.3747515214559
10958400000,-11.5615032737894
10958500000,-12.5877782418106
10958600000,-12.1772342031578
10958700000,-12.0593533446139
10958800000,-12.2961998005455
10958900000,-11.8520624501886
10959000000,-11.9751573826176
10959100000,-12.3367835240013
10959200000,-12.097396755153
10959300000,-12.111112700547
10959400000,-11.8290251895368
10959500000,-12.2190827895785
10959600000,-12.5817794763326
10959700000,-12.0811371340956
10959800000,-12.5180372692645
10959900000,-11.8549563105669
10960000000,-12.4272954433406
10960100000,-11.9353366157232
10960200000,-11.926672146377
10960300000,-12.2339575922022
10960400000,-12.0539617285864
10960500000,-12.1150639569962
10960600000,-12.0807244793324
10960700000,-12.1596325005663
10960800000,-12.2060042530202
10960900000,-12.2465530884476
10961000000,-12.2474258398539
10961100000,-11.8028669307118
10961200000,-11.734724181112
10961300000,-12.6666321458977
10961400000,-11.8946962603891
10961500000,-12.427341861984
10961600000,-11.7894438357135
10961700000,-12.5081968694197
10961800000,-12.1930966090747
10961900000,-12.218346953767
10962000000,-12.1979482478501
10962100000,-12.3514185356706
10962200000,-12.3690154011542
10962300000,-11.9729591654519
10962400000,-12.3240932245202
10962500000,-11.6507295571262
10962600000,-11.8745635326055
10962700000,-11.9520823643663
10962800000,-12.3370645421538
10962900000,-11.884635278234
10963000000,-11.8238019691341
10963100000,-12.3141162128264
10963200000,-12.1005389992928
10963300000,-12.0423183027643
10963400000,-12.4510047149037
10963500000,-11.8315221446585
10963600000,-12.363146246866
10963700000,-12.1347326547479
10963800000,-12.400516801869
10963900000,-11.6864061930383
10964000000,-11.7893875286967
10964100000,-12.1215095996745
10964200000,-11.9437789343946
10964300000,-11.8864284571403
10964400000,-11.4046420432145
10964500000,-12.1892045367298
10964600000,-11.9900499600887
10964700000,-11.7912555614112
10964800000,-12.3150739626291
10964900000,-12.1900455658951
10965000000,-11.8161136433332
10965100000,-11.6480238613589
10965200000,-12.130688938341
10965300000,-12.3018090868208
10965400000,-11.9465733597921
10965500000,-12.1822127503735
10965600000,-12.2840558142538
10965700000,-12.0529310033268
10965800000,-11.883378406799
10965900000,-11.9697385072732
10966000000,-11.9721857616222
10966100000,-11.897559766082
10966200000,-12.2186437197322
10966300000,-12.3348613646601
10966400000,-12.0711799072622
10966500000,-12.0422251638964
10966600000,-11.9387909898859
10966700000,-12.1845558705951
10966800000,-11.8280723212107
10966900000,-11.9656934595805
10967000000,-12.1420250071767
10967100000,-12.1079291412872
10967200000,-11.8627864285081
10967300000,-12.1668781108361
10967400000,-11.6216704479063
10967500000,-12.0780800059515
10967600000,-12.3024518482968
10967700000,-12.5055849623141
10967800000,-11.8706499132738
10967900000,-11.9325916782227
10968000000,-11.6121517141786
10968100000,-11.7405767821766
10968200000,-12.3495629243862
10968300000,-12.5245402747767
10968400000,-12.5082333661466
10968500000,-12.2526936041749
10968600000,-12.1351542994096
10968700000,-11.9504894303548
10968800000,-11.8856619833013
10968900000,-12.0991501217392
10969000000,-11.6802833600268
10969100000,-12.4334639375785
10969200000,-11.8427688194745
10969300000,-11.618081193762
10969400000,-12.0567619559266
10969500000,-11.5505009830686
10969600000,-12.0261961772018
10969700000,-12.3262775342458
10969800000,-12.1928042170945
10969900000,-12.1920624263086
10970000000,-12.4793369682589
10970100000,-11.7851417793248
10970200000,-11.7363283071053
10970300000,-11.9723398328422
10970400000,-11.7468831208041
10970500000,-11.8119248034328
10970600000,-12.0772382642969
10970700000,-11.8997114744995
10970800000,-11.6846143082898
10970900000,-12.1998782467116
10971000000,-11.7137466576568
10971100000,-11.6403789785666
10971200000,-12.0896338003741
10971300000,-12.0149882284337
10971400000,-12.043263185852
10971500000,-12.2593513640555
10971600000,-11.9935821563111
10971700000,-11.9419729638814
10971800000,-11.9404505123473
10971900000,-11.948003534318
10972000000,-11.8856727168309
10972100000,-12.0462802499743
10972200000,-11.8919066632851
10972300000,-11.9057676153101
10972400000,-12.3256205908729
10972500000,-12.1898455535912
10972600000,-12.4261201691407
10972700000,-12.5570733343084
10972800000,-11.9344045881394
10972900000,-11.9462874828405
10973000000,-11.6477515295943
10973100000,-12.1323948426281
10973200000,-11.955298834618
10973300000,-11.9640202691606
10973400000,-12.070361377645
10973500000,-12.0614762405203
10973600000,-11.9834680517462
10973700000,-12.1605834291001
10973800000,-11.9531955668328
10973900000,-11.7771300289678
10974000000,-11.7955946533664
10974100000,-12.0401148072125
10974200000,-12.062307211389
10974300000,-12.0335543941446
10974400000,-12.1614071766866
10974500000,-12.4150949919874
10974600000,-12.3763491263554
10974700000,-12.4017576705622
10974800000,-12.3744518745796
10974900000,-11.9607269374415
10975000000,-12.2690201517113
10975100000,-12.5985213234321
10975200000,-11.775347673975
10975300000,-11.9361337058365
10975400000,-12.137632620659
10975500000,-11.8043635162728
10975600000,-11.7953917200925
10975700000,-12.349330394824
10975800000,-12.0812934890405
10975900000,-12.016948946513
10976000000,-12.0722427133338
10976100000,-12.0853489889547
10976200000,-11.9924008163015
10976300000,-12.1100914515501
10976400000,-12.3076562565419
10976500000,-11.8225968125346
10976600000,-12.2921734565552
10976700000,-12.2793674755643
10976800000,-12.0511285644781
10976900000,-11.9168915422117
10977000000,-12.2326526474255
10977100000,-11.781822570719
10977200000,-12.1656998349947
10977300000,-12.7386226705441
10977400000,-11.7621156511571
10977500000,-12.0933756465874
10977600000,-12.3793752509656
10977700000,-12.0888023420901
10977800000,-12.7285580746121
10977900000,-12.0346720890642
10978000000,-12.1453893755883
10978100000,-12.3110586394189
10978200000,-12.0080413255144
10978300000,-11.8232389931916
10978400000,-12.3189526551893
10978500000,-12.5989186184608
10978600000,-12.2321216659773
10978700000,-12.1454671379098
10978800000,-12.1813377828941
10978900000,-11.5954616882723
10979000000,-12.218109641418
10979100000,-11.8673474452891
10979200000,-11.6778216527354
10979300000,-11.7950602113883
10979400000,-12.4459762115717
10979500000,-11.7638980502555
10979600000,-12.065822849306
10979700000,-12.4239793389164
10979800000,-12.1303504656255
10979900000,-12.4897551404474
10980000000,-12.4718550680971
10980100000,-11.8113307944439
10980200000,-12.1974342202843
10980300000,-12.2954700036211
10980400000,-12.3182777327971
10980500000,-12.3180099489445
10980600000,-11.8780571299673
10980700000,-11.9964956317714
10980800000,-12.1564614394894
10980900000,-12.6792646124539
10981000000,-12.1774752380391
10981100000,-12.1118410186851
10981200000,-12.1156871221073
10981300000,-11.8523769594939
10981400000,-12.2411235869951
10981500000,-11.9681656563642
10981600000,-12.1786919457619
10981700000,-12.0154070099374
10981800000,-11.9608002378682
10981900000,-11.9469410024025
10982000000,-12.0018962070709
10982100000,-11.909597040963
10982200000,-12.2841469971514
10982300000,-12.000883320228
10982400000,-12.4531216626759
10982500000,-12.2631845666117
10982600000,-12.3992692651865
10982700000,-12.3411074416811
10982800000,-12.0996628646278
10982900000,-11.9966210453347
10983000000,-12.1356232521339
10983100000,-12.2326681914326
10983200000,-12.1669736930712
10983300000,-12.2526297577353
10983400000,-11.9119191251162
10983500000,-12.0868151745243
10983600000,-12.222892262187
10983700000,-12.1115270729439
10983800000,-11.8343225969792
10983900000,-11.985641027892
10984000000,-12.4992833576848
10984100000,-12.1152770486187
10984200000,-12.2250641114716
10984300000,-12.0994315047361
10984400000,-11.8040315731177
10984500000,-12.6261516654244
10984600000,-12.3969480004251
10984700000,-12.3273961251528
10984800000,-12.175606043663
10984900000,-11.8850661885531
10985000000,-12.5947081937106
10985100000,-12.2803064725284
10985200000,-12.0300963248334
10985300000,-12.1640367160773
10985400000,-11.8615226576982
10985500000,-12.1504849172902
10985600000,-12.2925304329363
10985700000,-11.870177359343
10985800000,-12.0558017949957
10985900000,-12.2560728101776
10986000000,-11.8810115096369
10986100000,-12.1912904594746
10986200000,-12.1731322422601
10986300000,-12.3933472002368
10986400000,-12.1874115657919
10986500000,-12.3239459318842
10986600000,-12.1710952187831
10986700000,-12.1576657307701
10986800000,-12.2174834834249
10986900000,-12.33558279561
10987000000,-12.3500306086389
10987100000,-12.2236095245762
10987200000,-12.0407087089767
10987300000,-12.2480345617249
10987400000,-12.4155947079412
10987500000,-12.1868124719008
10987600000,-12.2243457611337
10987700000,-12.4448865849996
10987800000,-12.5857470593682
10987900000,-12.6620026722616
10988000000,-12.4758570083779
10988100000,-11.9172332170564
10988200000,-12.2022069850773
10988300000,-11.9171685435419
10988400000,-12.3733263793774
10988500000,-12.1331996868211
10988600000,-12.8027124488031
10988700000,-12.8872138964019
10988800000,-12.029520806284
10988900000,-12.5375965376638
10989000000,-12.4445124920729
10989100000,-12.2385293729024
10989200000,-12.2609164471715
10989300000,-12.182473887289
10989400000,-12.1523177597246
10989500000,-12.2752570781214
10989600000,-12.2539673460409
10989700000,-12.1681279266678
10989800000,-12.5177313171949
10989900000,-12.3453146092435
10990000000,-12.2160745534881
10990100000,-11.9224051270453
10990200000,-12.169192331452
10990300000,-11.9736063570312
10990400000,-12.2959818006788
10990500000,-12.0022829469198
10990600000,-12.7714435182683
10990700000,-12.0789136662086
10990800000,-12.4057514508706
10990900000,-12.6843631810186
10991000000,-12.5279827506378
10991100000,-12.5211370415002
10991200000,-12.2173300131653
10991300000,-12.32422231882
10991400000,-12.0552202781154
10991500000,-12.3790965143821
10991600000,-12.3931026915343
10991700000,-12.3575446257879
10991800000,-12.6016179316116
10991900000,-11.7132860416213
10992000000,-12.8272751670297
10992100000,-12.6007087859404
10992200000,-12.4837410082776
10992300000,-12.5384866681973
10992400000,-12.5079266587544
10992500000,-12.2046966541135
10992600000,-12.5716298149525
10992700000,-12.1793060287058
10992800000,-12.2152916799981
10992900000,-12.3968665736637
10993000000,-12.3303247996017
10993100000,-13.1690853792169
10993200000,-12.2497791747246
10993300000,-12.2715133555196
10993400000,-12.5409861253155
10993500000,-12.1119380275659
10993600000,-12.2851100750886
10993700000,-11.8546387693846
10993800000,-12.5147143828323
10993900000,-12.5017361230296
10994000000,-12.3090550388252
10994100000,-12.1428391885852
10994200000,-12.3761332016387
10994300000,-12.4049349142356
10994400000,-12.3782561715906
10994500000,-12.5348594226294
10994600000,-12.1387631866313
10994700000,-12.2291651770909
10994800000,-12.0618889071303
10994900000,-12.8691904086126
10995000000,-12.8885559506129
10995100000,-12.029801048423
10995200000,-12.9576541610705
10995300000,-12.4226570727636
10995400000,-12.2039169013212
10995500000,-12.230833166043
10995600000,-12.692527817673
10995700000,-12.4684955644422
10995800000,-12.2303568120808
10995900000,-12.0675457498855
10996000000,-12.5805811240055
10996100000,-12.8636426046714
10996200000,-12.5143990393244
10996300000,-12.5369117968716
10996400000,-12.4136505210223
10996500000,-12.7536106870782
10996600000,-12.5401047278893
10996700000,-12.5528060590721
10996800000,-12.5676912766648
10996900000,-12.568051895497
10997000000,-12.1711760717646
10997100000,-12.7141374194562
10997200000,-12.3456683658861
10997300000,-12.9459128361684
10997400000,-12.1259351303235
10997500000,-12.6361566433036
10997600000,-12.8933233068143
10997700000,-12.7248002293054
10997800000,-12.4190463002967
10997900000,-12.6842047537977
10998000000,-12.2254964261251
10998100000,-12.2611757028551
10998200000,-12.9416099143077
10998300000,-13.0844315535284
10998400000,-11.8269397868191
10998500000,-13.0093367068837
10998600000,-12.9900845575119
10998700000,-12.7946417017095
10998800000,-12.334645192908
10998900000,-12.4349308357847
10999000000,-12.4045223569872
10999100000,-12.3052028950193
10999200000,-12.6319155518932
10999300000,-12.7482306887049
10999400000,-12.3861651214928
10999500000,-12.1898935566764
10999600000,-12.3191570970083
10999700000,-12.7346650479719
10999800000,-12.5086068651323
10999900000,-12.4448066908582
11000000000,-12.2834383163994
END
